Forecasted,Actual,diff,variance,variance%
6,2,-4,-2.0,-200.0
6,3,-3,-1.0,-100.0
6,3,-3,-1.0,-100.0
6,6,0,0.0,0.0
6,62,56,0.9032258064516129,90.32258064516128
6,62,56,0.9032258064516129,90.32258064516128
6,40,34,0.85,85.0
15,3,-12,-4.0,-400.0
17,1,-16,-16.0,-1600.0
14,1,-13,-13.0,-1300.0
18,5,-13,-2.6,-260.0
20,15,-5,-0.3333333333333333,-33.33333333333333
19,40,21,0.525,52.5
32,15,-17,-1.1333333333333333,-113.33333333333333
6,5,-1,-0.2,-20.0
6,13,7,0.5384615384615384,53.84615384615385
14,1,-13,-13.0,-1300.0
33,5,-28,-5.6,-560.0
33,46,13,0.2826086956521739,28.26086956521739
58,15,-43,-2.8666666666666667,-286.6666666666667
17,119,102,0.8571428571428571,85.71428571428571
38,31,-7,-0.22580645161290322,-22.58064516129032
6,10,4,0.4,40.0
6,15,9,0.6,60.0
18,20,2,0.1,10.0
25,15,-10,-0.6666666666666666,-66.66666666666666
6,29,23,0.7931034482758621,79.3103448275862
6,17,11,0.6470588235294118,64.70588235294117
20,9,-11,-1.2222222222222223,-122.22222222222223
24,16,-8,-0.5,-50.0
19,7,-12,-1.7142857142857142,-171.42857142857142
37,18,-19,-1.0555555555555556,-105.55555555555556
20,20,0,0.0,0.0
16,4,-12,-3.0,-300.0
14,12,-2,-0.16666666666666666,-16.666666666666664
6,1,-5,-5.0,-500.0
6,9,3,0.3333333333333333,33.33333333333333
6,12,6,0.5,50.0
6,6,0,0.0,0.0
22,1,-21,-21.0,-2100.0
86,57,-29,-0.5087719298245614,-50.877192982456144
6,93,87,0.9354838709677419,93.54838709677419
85,1017,932,0.9164208456243854,91.64208456243854
16,234,218,0.9316239316239316,93.16239316239316
24,16,-8,-0.5,-50.0
68,278,210,0.7553956834532374,75.53956834532374
69,33,-36,-1.0909090909090908,-109.09090909090908
6,4,-2,-0.5,-50.0
239,44,-195,-4.431818181818182,-443.1818181818182
193,25,-168,-6.72,-672.0
27,9,-18,-2.0,-200.0
68,88,20,0.22727272727272727,22.727272727272727
69,32,-37,-1.15625,-115.625
9,4,-5,-1.25,-125.0
17,30,13,0.43333333333333335,43.333333333333336
6,9,3,0.3333333333333333,33.33333333333333
6,20,14,0.7,70.0
6,60,54,0.9,90.0
6,108,102,0.9444444444444444,94.44444444444444
32,18,-14,-0.7777777777777778,-77.77777777777779
86,50,-36,-0.72,-72.0
29,16,-13,-0.8125,-81.25
6,1,-5,-5.0,-500.0
21,7,-14,-2.0,-200.0
72,51,-21,-0.4117647058823529,-41.17647058823529
43,29,-14,-0.4827586206896552,-48.275862068965516
86,108,22,0.2037037037037037,20.37037037037037
6,3288,3282,0.9981751824817519,99.81751824817519
207,3704,3497,0.9441144708423326,94.41144708423326
6,203,197,0.9704433497536946,97.04433497536947
23,12,-11,-0.9166666666666666,-91.66666666666666
75,199,124,0.6231155778894473,62.311557788944725
66,32,-34,-1.0625,-106.25
35,22,-13,-0.5909090909090909,-59.09090909090909
137,130,-7,-0.05384615384615385,-5.384615384615385
82,38,-44,-1.1578947368421053,-115.78947368421053
6,169,163,0.9644970414201184,96.44970414201184
101,151,50,0.33112582781456956,33.11258278145696
54,39,-15,-0.38461538461538464,-38.46153846153847
21,71,50,0.704225352112676,70.4225352112676
118,289,171,0.5916955017301038,59.16955017301038
89,85,-4,-0.047058823529411764,-4.705882352941177
12,3,-9,-3.0,-300.0
72,160,88,0.55,55.00000000000001
77,22,-55,-2.5,-250.0
6,32,26,0.8125,81.25
229,1558,1329,0.8530166880616175,85.30166880616174
118,171,53,0.30994152046783624,30.994152046783626
20,89,69,0.7752808988764045,77.52808988764045
218,323,105,0.32507739938080493,32.50773993808049
166,173,7,0.04046242774566474,4.046242774566474
28,121,93,0.768595041322314,76.85950413223141
166,262,96,0.366412213740458,36.6412213740458
119,141,22,0.15602836879432624,15.602836879432624
6,11,5,0.45454545454545453,45.45454545454545
34,64,30,0.46875,46.875
34,25,-9,-0.36,-36.0
6,5,-1,-0.2,-20.0
10,1,-9,-9.0,-900.0
52,24,-28,-1.1666666666666667,-116.66666666666667
52,11,-41,-3.727272727272727,-372.7272727272727
9,3,-6,-2.0,-200.0
21,23,2,0.08695652173913043,8.695652173913043
55,98,43,0.4387755102040816,43.87755102040816
6,3,-3,-1.0,-100.0
36,44,8,0.18181818181818182,18.181818181818183
6,1,-5,-5.0,-500.0
55,37,-18,-0.4864864864864865,-48.64864864864865
31,51,20,0.39215686274509803,39.21568627450981
16,40,24,0.6,60.0
63,109,46,0.42201834862385323,42.201834862385326
6,14,8,0.5714285714285714,57.14285714285714
188,57,-131,-2.2982456140350878,-229.82456140350877
6,7,1,0.14285714285714285,14.285714285714285
6,21,15,0.7142857142857143,71.42857142857143
214,98,-116,-1.183673469387755,-118.36734693877551
6,20,14,0.7,70.0
6,46,40,0.8695652173913043,86.95652173913044
177,475,298,0.6273684210526316,62.73684210526316
6,384,378,0.984375,98.4375
6,95,89,0.9368421052631579,93.6842105263158
113,1765,1652,0.9359773371104816,93.59773371104816
38,603,565,0.9369817578772802,93.69817578772802
10,2,-8,-4.0,-400.0
50,8,-42,-5.25,-525.0
50,15,-35,-2.3333333333333335,-233.33333333333334
8,4,-4,-1.0,-100.0
6,1360,1354,0.9955882352941177,99.55882352941177
6,2031,2025,0.9970457902511078,99.70457902511079
6,71,65,0.9154929577464789,91.54929577464789
6,610,604,0.9901639344262295,99.01639344262296
109,3126,3017,0.9651311580294306,96.51311580294306
109,1536,1427,0.9290364583333334,92.90364583333334
6,86,80,0.9302325581395349,93.02325581395348
6,47,41,0.8723404255319149,87.2340425531915
195,412,217,0.5266990291262136,52.66990291262136
195,168,-27,-0.16071428571428573,-16.071428571428573
6,26,20,0.7692307692307693,76.92307692307693
15,4,-11,-2.75,-275.0
6,50,44,0.88,88.0
6,20,14,0.7,70.0
10,1,-9,-9.0,-900.0
10,24,14,0.5833333333333334,58.333333333333336
6,2,-4,-2.0,-200.0
6,10,4,0.4,40.0
8,9,1,0.1111111111111111,11.11111111111111
8,15,7,0.4666666666666667,46.666666666666664
6,1,-5,-5.0,-500.0
17,35,18,0.5142857142857142,51.42857142857142
25,23,-2,-0.08695652173913043,-8.695652173913043
22,12,-10,-0.8333333333333334,-83.33333333333334
39,26,-13,-0.5,-50.0
6,1,-5,-5.0,-500.0
6,14,8,0.5714285714285714,57.14285714285714
6,9,3,0.3333333333333333,33.33333333333333
6,7,1,0.14285714285714285,14.285714285714285
12,17,5,0.29411764705882354,29.411764705882355
39,32,-7,-0.21875,-21.875
6,45,39,0.8666666666666667,86.66666666666667
6,113,107,0.9469026548672567,94.69026548672566
15,8,-7,-0.875,-87.5
27,26,-1,-0.038461538461538464,-3.8461538461538463
94,153,59,0.38562091503267976,38.56209150326798
6,792,786,0.9924242424242424,99.24242424242425
6,2093,2087,0.9971333014811276,99.71333014811276
6,20,14,0.7,70.0
13,61,48,0.7868852459016393,78.68852459016394
9,13,4,0.3076923076923077,30.76923076923077
53,23,-30,-1.3043478260869565,-130.43478260869566
6,21,15,0.7142857142857143,71.42857142857143
19,48,29,0.6041666666666666,60.416666666666664
19,2,-17,-8.5,-850.0
94,24,-70,-2.9166666666666665,-291.66666666666663
168,1136,968,0.852112676056338,85.2112676056338
12,5,-7,-1.4,-140.0
82,65,-17,-0.26153846153846155,-26.153846153846157
6,16,10,0.625,62.5
73,37,-36,-0.972972972972973,-97.2972972972973
6,28,22,0.7857142857142857,78.57142857142857
158,81,-77,-0.9506172839506173,-95.06172839506173
35,22,-13,-0.5909090909090909,-59.09090909090909
75,149,74,0.4966442953020134,49.664429530201346
55,75,20,0.26666666666666666,26.666666666666668
85,40,-45,-1.125,-112.5
53,5,-48,-9.6,-960.0
6,1,-5,-5.0,-500.0
64,46,-18,-0.391304347826087,-39.130434782608695
6,11,5,0.45454545454545453,45.45454545454545
6,813,807,0.992619926199262,99.2619926199262
141,1888,1747,0.9253177966101694,92.53177966101694
6,159,153,0.9622641509433962,96.22641509433963
6,198,192,0.9696969696969697,96.96969696969697
106,368,262,0.7119565217391305,71.19565217391305
62,217,155,0.7142857142857143,71.42857142857143
89,81,-8,-0.09876543209876543,-9.876543209876543
26,18,-8,-0.4444444444444444,-44.44444444444444
16,2,-14,-7.0,-700.0
128,7,-121,-17.285714285714285,-1728.5714285714284
84,18,-66,-3.6666666666666665,-366.66666666666663
20,4,-16,-4.0,-400.0
104,26,-78,-3.0,-300.0
85,56,-29,-0.5178571428571429,-51.78571428571429
69,3,-66,-22.0,-2200.0
65,5,-60,-12.0,-1200.0
137,46,-91,-1.9782608695652173,-197.82608695652172
123,61,-62,-1.0163934426229508,-101.63934426229508
6,486,480,0.9876543209876543,98.76543209876543
95,2036,1941,0.9533398821218074,95.33398821218074
82,403,321,0.7965260545905707,79.65260545905707
23,226,203,0.8982300884955752,89.82300884955751
105,814,709,0.871007371007371,87.1007371007371
105,688,583,0.8473837209302325,84.73837209302324
20,50,30,0.6,60.0
9,21,12,0.5714285714285714,57.14285714285714
6,1,-5,-5.0,-500.0
7,6,-1,-0.16666666666666666,-16.666666666666664
6,49,43,0.8775510204081632,87.75510204081633
22,98,76,0.7755102040816326,77.55102040816327
21,5,-16,-3.2,-320.0
40,7,-33,-4.714285714285714,-471.42857142857144
10,355,345,0.971830985915493,97.1830985915493
80,395,315,0.7974683544303798,79.74683544303798
16,6,-10,-1.6666666666666667,-166.66666666666669
93,35,-58,-1.6571428571428573,-165.71428571428572
23,5,-18,-3.6,-360.0
108,100,-8,-0.08,-8.0
20,4,-16,-4.0,-400.0
22,9,-13,-1.4444444444444444,-144.44444444444443
86,43,-43,-1.0,-100.0
18,12,-6,-0.5,-50.0
95,42,-53,-1.2619047619047619,-126.19047619047619
33,15,-18,-1.2,-120.0
103,17,-86,-5.0588235294117645,-505.88235294117646
28,6,-22,-3.6666666666666665,-366.66666666666663
90,320,230,0.71875,71.875
7,10,3,0.3,30.0
89,45,-44,-0.9777777777777777,-97.77777777777777
6,1,-5,-5.0,-500.0
35,5,-30,-6.0,-600.0
6,2,-4,-2.0,-200.0
7,3,-4,-1.3333333333333333,-133.33333333333331
91,47,-44,-0.9361702127659575,-93.61702127659575
57,9,-48,-5.333333333333333,-533.3333333333333
6,5,-1,-0.2,-20.0
37,85,48,0.5647058823529412,56.470588235294116
6,50,44,0.88,88.0
11,10,-1,-0.1,-10.0
85,28,-57,-2.0357142857142856,-203.57142857142856
85,4,-81,-20.25,-2025.0
45,3,-42,-14.0,-1400.0
79,6,-73,-12.166666666666666,-1216.6666666666665
35,1,-34,-34.0,-3400.0
12,14,2,0.14285714285714285,14.285714285714285
173,76,-97,-1.2763157894736843,-127.63157894736842
173,41,-132,-3.2195121951219514,-321.95121951219517
73,53,-20,-0.37735849056603776,-37.735849056603776
38,1,-37,-37.0,-3700.0
128,18,-110,-6.111111111111111,-611.1111111111111
6,18,12,0.6666666666666666,66.66666666666666
6,4,-2,-0.5,-50.0
6,8,2,0.25,25.0
6,18,12,0.6666666666666666,66.66666666666666
26,21,-5,-0.23809523809523808,-23.809523809523807
74,16,-58,-3.625,-362.5
12,7,-5,-0.7142857142857143,-71.42857142857143
80,10,-70,-7.0,-700.0
9,2,-7,-3.5,-350.0
75,11,-64,-5.818181818181818,-581.8181818181819
9,2,-7,-3.5,-350.0
75,9,-66,-7.333333333333333,-733.3333333333333
18,8,-10,-1.25,-125.0
169,37,-132,-3.5675675675675675,-356.7567567567568
16,4,-12,-3.0,-300.0
6,10,4,0.4,40.0
65,69,4,0.057971014492753624,5.797101449275362
6,6,0,0.0,0.0
64,12,-52,-4.333333333333333,-433.3333333333333
10,2,-8,-4.0,-400.0
9,1,-8,-8.0,-800.0
74,5,-69,-13.8,-1380.0
8,1,-7,-7.0,-700.0
69,4,-65,-16.25,-1625.0
8,1,-7,-7.0,-700.0
74,24,-50,-2.0833333333333335,-208.33333333333334
9,1,-8,-8.0,-800.0
74,24,-50,-2.0833333333333335,-208.33333333333334
9,1,-8,-8.0,-800.0
18,7,-11,-1.5714285714285714,-157.14285714285714
147,8,-139,-17.375,-1737.5
16,6,-10,-1.6666666666666667,-166.66666666666669
13,2,-11,-5.5,-550.0
90,7,-83,-11.857142857142858,-1185.7142857142858
49,5,-44,-8.8,-880.0000000000001
6,9,3,0.3333333333333333,33.33333333333333
207,28,-179,-6.392857142857143,-639.2857142857143
6,5,-1,-0.2,-20.0
6,4,-2,-0.5,-50.0
198,24,-174,-7.25,-725.0
6,4,-2,-0.5,-50.0
89,8,-81,-10.125,-1012.5
60,6,-54,-9.0,-900.0
20,2,-18,-9.0,-900.0
90,16,-74,-4.625,-462.5
44,15,-29,-1.9333333333333333,-193.33333333333334
21,5,-16,-3.2,-320.0
97,25,-72,-2.88,-288.0
52,15,-37,-2.466666666666667,-246.66666666666669
6,35,29,0.8285714285714286,82.85714285714286
110,157,47,0.29936305732484075,29.936305732484076
32,176,144,0.8181818181818182,81.81818181818183
6,35,29,0.8285714285714286,82.85714285714286
179,99,-80,-0.8080808080808081,-80.8080808080808
6,65,59,0.9076923076923077,90.76923076923077
16,16,0,0.0,0.0
122,145,23,0.15862068965517243,15.862068965517242
93,134,41,0.30597014925373134,30.597014925373134
16,17,1,0.058823529411764705,5.88235294117647
122,151,29,0.19205298013245034,19.205298013245034
93,135,42,0.3111111111111111,31.11111111111111
8,2,-6,-3.0,-300.0
40,14,-26,-1.8571428571428572,-185.71428571428572
43,10,-33,-3.3,-330.0
6,2,-4,-2.0,-200.0
67,34,-33,-0.9705882352941176,-97.05882352941177
64,38,-26,-0.6842105263157895,-68.42105263157895
6,37,31,0.8378378378378378,83.78378378378379
218,314,96,0.3057324840764331,30.573248407643312
172,152,-20,-0.13157894736842105,-13.157894736842104
6,19,13,0.6842105263157895,68.42105263157895
118,79,-39,-0.4936708860759494,-49.36708860759494
93,43,-50,-1.1627906976744187,-116.27906976744187
23,28,5,0.17857142857142858,17.857142857142858
243,249,6,0.024096385542168676,2.4096385542168677
243,215,-28,-0.13023255813953488,-13.023255813953488
15,1,-14,-14.0,-1400.0
19,14,-5,-0.35714285714285715,-35.714285714285715
17,3,-14,-4.666666666666667,-466.6666666666667
7,1,-6,-6.0,-600.0
24,9,-15,-1.6666666666666667,-166.66666666666669
6,62,56,0.9032258064516129,90.32258064516128
77,78,1,0.01282051282051282,1.282051282051282
21,3,-18,-6.0,-600.0
88,36,-52,-1.4444444444444444,-144.44444444444443
21,1,-20,-20.0,-2000.0
92,10,-82,-8.2,-819.9999999999999
10,1,-9,-9.0,-900.0
6,3,-3,-1.0,-100.0
6,21,15,0.7142857142857143,71.42857142857143
6,3,-3,-1.0,-100.0
6,21,15,0.7142857142857143,71.42857142857143
6,3,-3,-1.0,-100.0
6,17,11,0.6470588235294118,64.70588235294117
6,31,25,0.8064516129032258,80.64516129032258
6,4,-2,-0.5,-50.0
6,6,0,0.0,0.0
6,6,0,0.0,0.0
6,3,-3,-1.0,-100.0
6,4,-2,-0.5,-50.0
6,2,-4,-2.0,-200.0
6,3,-3,-1.0,-100.0
6,19,13,0.6842105263157895,68.42105263157895
6,12,6,0.5,50.0
24,9,-15,-1.6666666666666667,-166.66666666666669
46,33,-13,-0.3939393939393939,-39.39393939393939
6,14,8,0.5714285714285714,57.14285714285714
6,16,10,0.625,62.5
6,10,4,0.4,40.0
6,22,16,0.7272727272727273,72.72727272727273
6,21,15,0.7142857142857143,71.42857142857143
6,9,3,0.3333333333333333,33.33333333333333
6,34,28,0.8235294117647058,82.35294117647058
6,70,64,0.9142857142857143,91.42857142857143
39,3,-36,-12.0,-1200.0
74,3,-71,-23.666666666666668,-2366.666666666667
6,57,51,0.8947368421052632,89.47368421052632
6,120,114,0.95,95.0
43,25,-18,-0.72,-72.0
97,61,-36,-0.5901639344262295,-59.01639344262295
98,65,-33,-0.5076923076923077,-50.76923076923077
60,15,-45,-3.0,-300.0
19,2,-17,-8.5,-850.0
76,6,-70,-11.666666666666666,-1166.6666666666665
10,4,-6,-1.5,-150.0
107,16,-91,-5.6875,-568.75
17,48,31,0.6458333333333334,64.58333333333334
96,132,36,0.2727272727272727,27.27272727272727
17,11,-6,-0.5454545454545454,-54.54545454545454
98,26,-72,-2.769230769230769,-276.9230769230769
93,6,-87,-14.5,-1450.0
6,22,16,0.7272727272727273,72.72727272727273
59,129,70,0.5426356589147286,54.263565891472865
6,72,66,0.9166666666666666,91.66666666666666
70,446,376,0.8430493273542601,84.30493273542601
6,18,12,0.6666666666666666,66.66666666666666
58,160,102,0.6375,63.74999999999999
6,44,38,0.8636363636363636,86.36363636363636
74,64,-10,-0.15625,-15.625
6,10,4,0.4,40.0
91,34,-57,-1.6764705882352942,-167.64705882352942
6,31,25,0.8064516129032258,80.64516129032258
97,203,106,0.5221674876847291,52.21674876847291
7,13,6,0.46153846153846156,46.15384615384615
60,260,200,0.7692307692307693,76.92307692307693
40,12,-28,-2.3333333333333335,-233.33333333333334
120,175,55,0.3142857142857143,31.428571428571427
12,14,2,0.14285714285714285,14.285714285714285
40,16,-24,-1.5,-150.0
120,181,61,0.3370165745856354,33.70165745856354
12,18,6,0.3333333333333333,33.33333333333333
61,30,-31,-1.0333333333333334,-103.33333333333334
243,668,425,0.6362275449101796,63.622754491017965
110,123,13,0.10569105691056911,10.569105691056912
55,13,-42,-3.230769230769231,-323.0769230769231
57,7,-50,-7.142857142857143,-714.2857142857143
6,41,35,0.8536585365853658,85.36585365853658
130,181,51,0.281767955801105,28.176795580110497
80,144,64,0.4444444444444444,44.44444444444444
54,8,-46,-5.75,-575.0
57,13,-44,-3.3846153846153846,-338.46153846153845
29,12,-17,-1.4166666666666667,-141.66666666666669
203,100,-103,-1.03,-103.0
101,140,39,0.2785714285714286,27.857142857142858
22,35,13,0.37142857142857144,37.142857142857146
144,205,61,0.2975609756097561,29.756097560975608
97,264,167,0.6325757575757576,63.25757575757576
22,13,-9,-0.6923076923076923,-69.23076923076923
144,267,123,0.4606741573033708,46.06741573033708
97,251,154,0.6135458167330677,61.354581673306775
40,69,29,0.42028985507246375,42.028985507246375
298,962,664,0.6902286902286903,69.02286902286903
251,903,652,0.7220376522702104,72.20376522702104
6,18,12,0.6666666666666666,66.66666666666666
175,35,-140,-4.0,-400.0
150,39,-111,-2.8461538461538463,-284.61538461538464
6,63,57,0.9047619047619048,90.47619047619048
207,333,126,0.3783783783783784,37.83783783783784
207,224,17,0.07589285714285714,7.5892857142857135
6,25,19,0.76,76.0
6,3,-3,-1.0,-100.0
207,66,-141,-2.1363636363636362,-213.63636363636363
207,54,-153,-2.8333333333333335,-283.33333333333337
6,26,20,0.7692307692307693,76.92307692307693
6,36,30,0.8333333333333334,83.33333333333334
139,343,204,0.5947521865889213,59.475218658892125
139,176,37,0.21022727272727273,21.022727272727273
6,25,19,0.76,76.0
6,40,34,0.85,85.0
139,946,807,0.8530655391120507,85.30655391120507
139,513,374,0.7290448343079922,72.90448343079922
6,25,19,0.76,76.0
11,1,-10,-10.0,-1000.0
95,27,-68,-2.5185185185185186,-251.85185185185185
95,8,-87,-10.875,-1087.5
32,4,-28,-7.0,-700.0
23,26,3,0.11538461538461539,11.538461538461538
230,244,14,0.05737704918032787,5.737704918032787
231,201,-30,-0.14925373134328357,-14.925373134328357
62,29,-33,-1.1379310344827587,-113.79310344827587
6,32,26,0.8125,81.25
266,758,492,0.6490765171503958,64.90765171503958
266,702,436,0.6210826210826211,62.10826210826211
6,252,246,0.9761904761904762,97.61904761904762
6,33,27,0.8181818181818182,81.81818181818183
153,547,394,0.720292504570384,72.0292504570384
153,431,278,0.6450116009280742,64.50116009280742
9,204,195,0.9558823529411765,95.58823529411765
6,20,14,0.7,70.0
8,2,-6,-3.0,-300.0
9,2,-7,-3.5,-350.0
6,5,-1,-0.2,-20.0
15,7,-8,-1.1428571428571428,-114.28571428571428
11,2,-9,-4.5,-450.0
6,73,67,0.9178082191780822,91.78082191780823
6,6,0,0.0,0.0
12,1,-11,-11.0,-1100.0
21,11,-10,-0.9090909090909091,-90.9090909090909
6,37,31,0.8378378378378378,83.78378378378379
8,62,54,0.8709677419354839,87.09677419354838
6,27,21,0.7777777777777778,77.77777777777779
6,32,26,0.8125,81.25
20,28,8,0.2857142857142857,28.57142857142857
36,29,-7,-0.2413793103448276,-24.137931034482758
37,3,-34,-11.333333333333334,-1133.3333333333335
83,29,-54,-1.8620689655172413,-186.20689655172413
11,6,-5,-0.8333333333333334,-83.33333333333334
55,10,-45,-4.5,-450.0
16,7,-9,-1.2857142857142858,-128.57142857142858
55,34,-21,-0.6176470588235294,-61.76470588235294
6,7,1,0.14285714285714285,14.285714285714285
45,34,-11,-0.3235294117647059,-32.35294117647059
14,28,14,0.5,50.0
94,139,45,0.3237410071942446,32.37410071942446
6,89,83,0.9325842696629213,93.25842696629213
80,527,447,0.8481973434535104,84.81973434535104
6,2,-4,-2.0,-200.0
27,3,-24,-8.0,-800.0
6,7,1,0.14285714285714285,14.285714285714285
10,19,9,0.47368421052631576,47.368421052631575
63,123,60,0.4878048780487805,48.78048780487805
17,11,-6,-0.5454545454545454,-54.54545454545454
20,29,9,0.3103448275862069,31.03448275862069
75,103,28,0.27184466019417475,27.184466019417474
27,12,-15,-1.25,-125.0
9,14,5,0.35714285714285715,35.714285714285715
56,86,30,0.3488372093023256,34.883720930232556
10,15,5,0.3333333333333333,33.33333333333333
9,8,-1,-0.125,-12.5
56,62,6,0.0967741935483871,9.67741935483871
10,14,4,0.2857142857142857,28.57142857142857
8,2,-6,-3.0,-300.0
50,26,-24,-0.9230769230769231,-92.3076923076923
53,12,-41,-3.4166666666666665,-341.66666666666663
6,16,10,0.625,62.5
6,9,3,0.3333333333333333,33.33333333333333
6,40,34,0.85,85.0
54,190,136,0.7157894736842105,71.57894736842105
6,16,10,0.625,62.5
95,90,-5,-0.05555555555555555,-5.555555555555555
6,13,7,0.5384615384615384,53.84615384615385
6,9,3,0.3333333333333333,33.33333333333333
90,53,-37,-0.6981132075471698,-69.81132075471697
6,25,19,0.76,76.0
35,12,-23,-1.9166666666666667,-191.66666666666669
76,38,-38,-1.0,-100.0
75,15,-60,-4.0,-400.0
6,2,-4,-2.0,-200.0
143,203,60,0.2955665024630542,29.55665024630542
6,49,43,0.8775510204081632,87.75510204081633
6,71,65,0.9154929577464789,91.54929577464789
143,312,169,0.5416666666666666,54.166666666666664
6,6,0,0.0,0.0
6,11,5,0.45454545454545453,45.45454545454545
6,10,4,0.4,40.0
9,19,10,0.5263157894736842,52.63157894736842
11,3,-8,-2.6666666666666665,-266.66666666666663
10,13,3,0.23076923076923078,23.076923076923077
6,6,0,0.0,0.0
6,14,8,0.5714285714285714,57.14285714285714
6,6,0,0.0,0.0
7,13,6,0.46153846153846156,46.15384615384615
21,4,-17,-4.25,-425.0
42,12,-30,-2.5,-250.0
38,2,-36,-18.0,-1800.0
93,38,-55,-1.4473684210526316,-144.73684210526315
49,11,-38,-3.4545454545454546,-345.45454545454544
99,103,4,0.038834951456310676,3.8834951456310676
13,4,-9,-2.25,-225.0
71,35,-36,-1.0285714285714285,-102.85714285714285
9,5,-4,-0.8,-80.0
90,60,-30,-0.5,-50.0
6,2,-4,-2.0,-200.0
46,17,-29,-1.7058823529411764,-170.58823529411765
23,18,-5,-0.2777777777777778,-27.77777777777778
97,74,-23,-0.3108108108108108,-31.08108108108108
8,27,19,0.7037037037037037,70.37037037037037
76,47,-29,-0.6170212765957447,-61.702127659574465
6,199,193,0.9698492462311558,96.98492462311557
70,563,493,0.8756660746003553,87.56660746003553
6,50,44,0.88,88.0
65,288,223,0.7743055555555556,77.43055555555556
6,12,6,0.5,50.0
79,121,42,0.34710743801652894,34.710743801652896
18,33,15,0.45454545454545453,45.45454545454545
125,119,-6,-0.05042016806722689,-5.042016806722689
92,36,-56,-1.5555555555555556,-155.55555555555557
66,31,-35,-1.1290322580645162,-112.90322580645163
6,24,18,0.75,75.0
87,78,-9,-0.11538461538461539,-11.538461538461538
6,10,4,0.4,40.0
14,13,-1,-0.07692307692307693,-7.6923076923076925
112,45,-67,-1.488888888888889,-148.88888888888889
15,4,-11,-2.75,-275.0
19,45,26,0.5777777777777777,57.77777777777777
158,93,-65,-0.6989247311827957,-69.89247311827957
21,22,1,0.045454545454545456,4.545454545454546
16,26,10,0.38461538461538464,38.46153846153847
181,243,62,0.2551440329218107,25.514403292181072
33,29,-4,-0.13793103448275862,-13.793103448275861
194,28,-166,-5.928571428571429,-592.8571428571429
6,17,11,0.6470588235294118,64.70588235294117
6,110,104,0.9454545454545454,94.54545454545455
115,428,313,0.7313084112149533,73.13084112149532
6,87,81,0.9310344827586207,93.10344827586206
6,30,24,0.8,80.0
10,120,110,0.9166666666666666,91.66666666666666
19,68,49,0.7205882352941176,72.05882352941177
11,5,-6,-1.2,-120.0
75,22,-53,-2.409090909090909,-240.9090909090909
54,14,-40,-2.857142857142857,-285.7142857142857
6,74,68,0.918918918918919,91.8918918918919
125,535,410,0.7663551401869159,76.63551401869158
19,138,119,0.8623188405797102,86.23188405797102
7,11,4,0.36363636363636365,36.36363636363637
56,147,91,0.6190476190476191,61.904761904761905
56,85,29,0.3411764705882353,34.11764705882353
24,3,-21,-7.0,-700.0
131,37,-94,-2.5405405405405403,-254.05405405405403
99,34,-65,-1.911764705882353,-191.1764705882353
6,4,-2,-0.5,-50.0
204,191,-13,-0.06806282722513089,-6.806282722513089
151,204,53,0.25980392156862747,25.98039215686275
7,33,26,0.7878787878787878,78.78787878787878
54,198,144,0.7272727272727273,72.72727272727273
49,136,87,0.6397058823529411,63.970588235294116
6,330,324,0.9818181818181818,98.18181818181819
227,2446,2219,0.9071954210956664,90.71954210956665
202,1036,834,0.805019305019305,80.5019305019305
8,5,-3,-0.6,-60.0
95,23,-72,-3.130434782608696,-313.04347826086956
95,32,-63,-1.96875,-196.875
7,12,5,0.4166666666666667,41.66666666666667
6,38,32,0.8421052631578947,84.21052631578947
92,156,64,0.41025641025641024,41.02564102564102
92,129,37,0.2868217054263566,28.68217054263566
6,5,-1,-0.2,-20.0
8,18,10,0.5555555555555556,55.55555555555556
42,147,105,0.7142857142857143,71.42857142857143
42,97,55,0.5670103092783505,56.70103092783505
8,36,28,0.7777777777777778,77.77777777777779
57,41,-16,-0.3902439024390244,-39.02439024390244
198,517,319,0.6170212765957447,61.702127659574465
198,441,243,0.5510204081632653,55.10204081632652
71,107,36,0.3364485981308411,33.64485981308411
17,10,-7,-0.7,-70.0
162,43,-119,-2.7674418604651163,-276.74418604651163
163,38,-125,-3.289473684210526,-328.9473684210526
34,12,-22,-1.8333333333333333,-183.33333333333331
8,15,7,0.4666666666666667,46.666666666666664
63,153,90,0.5882352941176471,58.82352941176471
63,181,118,0.6519337016574586,65.19337016574586
28,32,4,0.125,12.5
33,180,147,0.8166666666666667,81.66666666666667
240,1309,1069,0.8166539343009931,81.66539343009931
240,1093,853,0.7804208600182982,78.04208600182983
59,364,305,0.8379120879120879,83.79120879120879
30,78,48,0.6153846153846154,61.53846153846154
6,27,21,0.7777777777777778,77.77777777777779
114,163,49,0.3006134969325153,30.061349693251532
6,104,98,0.9423076923076923,94.23076923076923
136,491,355,0.7230142566191446,72.30142566191446
6,82,76,0.926829268292683,92.6829268292683
6,29,23,0.7931034482758621,79.3103448275862
116,628,512,0.8152866242038217,81.52866242038218
7,264,257,0.9734848484848485,97.34848484848484
6,167,161,0.9640718562874252,96.40718562874252
100,1066,966,0.9061913696060038,90.61913696060037
6,423,417,0.9858156028368794,98.58156028368793
6,80,74,0.925,92.5
6,6,0,0.0,0.0
6,82,76,0.926829268292683,92.6829268292683
99,69,-30,-0.43478260869565216,-43.47826086956522
6,38,32,0.8421052631578947,84.21052631578947
123,301,178,0.5913621262458472,59.136212624584715
6,10,4,0.4,40.0
100,34,-66,-1.9411764705882353,-194.11764705882354
6,8,2,0.25,25.0
6,16,10,0.625,62.5
201,128,-73,-0.5703125,-57.03125
6,11,5,0.45454545454545453,45.45454545454545
6,45,39,0.8666666666666667,86.66666666666667
157,138,-19,-0.13768115942028986,-13.768115942028986
6,10,4,0.4,40.0
6,54,48,0.8888888888888888,88.88888888888889
187,315,128,0.40634920634920635,40.63492063492063
6,12,6,0.5,50.0
6,14,8,0.5714285714285714,57.14285714285714
187,57,-130,-2.280701754385965,-228.0701754385965
6,7,1,0.14285714285714285,14.285714285714285
6,76,70,0.9210526315789473,92.10526315789474
89,255,166,0.6509803921568628,65.09803921568627
6,13,7,0.5384615384615384,53.84615384615385
6,21,15,0.7142857142857143,71.42857142857143
212,98,-114,-1.163265306122449,-116.3265306122449
6,20,14,0.7,70.0
34,9,-25,-2.7777777777777777,-277.77777777777777
6,5,-1,-0.2,-20.0
6,29,23,0.7931034482758621,79.3103448275862
96,272,176,0.6470588235294118,64.70588235294117
13,47,34,0.723404255319149,72.3404255319149
19,3,-16,-5.333333333333333,-533.3333333333333
108,45,-63,-1.4,-140.0
57,9,-48,-5.333333333333333,-533.3333333333333
19,7,-12,-1.7142857142857142,-171.42857142857142
108,43,-65,-1.5116279069767442,-151.1627906976744
57,10,-47,-4.7,-470.0
25,51,26,0.5098039215686274,50.98039215686274
164,192,28,0.14583333333333334,14.583333333333334
93,99,6,0.06060606060606061,6.0606060606060606
56,235,179,0.7617021276595745,76.17021276595744
329,3578,3249,0.908049189491336,90.8049189491336
165,1305,1140,0.8735632183908046,87.35632183908046
12,9,-3,-0.3333333333333333,-33.33333333333333
48,69,21,0.30434782608695654,30.434782608695656
63,43,-20,-0.46511627906976744,-46.51162790697674
20,40,20,0.5,50.0
222,529,307,0.5803402646502835,58.034026465028354
106,260,154,0.5923076923076923,59.23076923076923
6,14,8,0.5714285714285714,57.14285714285714
199,113,-86,-0.7610619469026548,-76.10619469026548
164,84,-80,-0.9523809523809523,-95.23809523809523
6,1360,1354,0.9955882352941177,99.55882352941177
6,2031,2025,0.9970457902511078,99.70457902511079
6,71,65,0.9154929577464789,91.54929577464789
6,610,604,0.9901639344262295,99.01639344262296
6,1,-5,-5.0,-500.0
9,10,1,0.1,10.0
6,8,2,0.25,25.0
10,1,-9,-9.0,-900.0
6,3,-3,-1.0,-100.0
6,2,-4,-2.0,-200.0
6,1,-5,-5.0,-500.0
60,10,-50,-5.0,-500.0
39,52,13,0.25,25.0
11,26,15,0.5769230769230769,57.692307692307686
10,8,-2,-0.25,-25.0
6,53,47,0.8867924528301887,88.67924528301887
6,9,3,0.3333333333333333,33.33333333333333
6,2,-4,-2.0,-200.0
6,5,-1,-0.2,-20.0
6,16,10,0.625,62.5
6,4,-2,-0.5,-50.0
6,3,-3,-1.0,-100.0
17,1,-16,-16.0,-1600.0
11,5,-6,-1.2,-120.0
13,1,-12,-12.0,-1200.0
19,43,24,0.5581395348837209,55.81395348837209
6,200,194,0.97,97.0
19,1,-18,-18.0,-1800.0
20,24,4,0.16666666666666666,16.666666666666664
16,1,-15,-15.0,-1500.0
29,10,-19,-1.9,-190.0
41,30,-11,-0.36666666666666664,-36.666666666666664
24,12,-12,-1.0,-100.0
26,44,18,0.4090909090909091,40.909090909090914
6,41,35,0.8536585365853658,85.36585365853658
6,68,62,0.9117647058823529,91.17647058823529
8,55,47,0.8545454545454545,85.45454545454545
40,20,-20,-1.0,-100.0
6,75,69,0.92,92.0
6,99,93,0.9393939393939394,93.93939393939394
31,22,-9,-0.4090909090909091,-40.909090909090914
83,117,34,0.2905982905982906,29.059829059829063
6,224,218,0.9732142857142857,97.32142857142857
49,278,229,0.8237410071942446,82.37410071942446
29,14,-15,-1.0714285714285714,-107.14285714285714
93,80,-13,-0.1625,-16.25
33,19,-14,-0.7368421052631579,-73.68421052631578
94,51,-43,-0.8431372549019608,-84.31372549019608
6,95,89,0.9368421052631579,93.6842105263158
6,152,146,0.9605263157894737,96.05263157894737
21,6,-15,-2.5,-250.0
93,20,-73,-3.65,-365.0
6,8,2,0.25,25.0
55,44,-11,-0.25,-25.0
6,21,15,0.7142857142857143,71.42857142857143
82,71,-11,-0.15492957746478872,-15.492957746478872
384,242,-142,-0.5867768595041323,-58.67768595041323
6,93,87,0.9354838709677419,93.54838709677419
105,870,765,0.8793103448275862,87.93103448275862
6,21,15,0.7142857142857143,71.42857142857143
207,314,107,0.34076433121019106,34.07643312101911
6,4,-2,-0.5,-50.0
19,12,-7,-0.5833333333333334,-58.333333333333336
97,96,-1,-0.010416666666666666,-1.0416666666666665
20,21,1,0.047619047619047616,4.761904761904762
9,2,-7,-3.5,-350.0
59,54,-5,-0.09259259259259259,-9.25925925925926
15,30,15,0.5,50.0
142,87,-55,-0.632183908045977,-63.2183908045977
6,8,2,0.25,25.0
6,75,69,0.92,92.0
28,18,-10,-0.5555555555555556,-55.55555555555556
20,10,-10,-1.0,-100.0
19,5,-14,-2.8,-280.0
22,20,-2,-0.1,-10.0
6,24,18,0.75,75.0
6,77,71,0.922077922077922,92.20779220779221
19,92,73,0.7934782608695652,79.34782608695652
68,320,252,0.7875,78.75
6,3,-3,-1.0,-100.0
58,64,6,0.09375,9.375
6,8,2,0.25,25.0
131,66,-65,-0.9848484848484849,-98.48484848484848
6,12,6,0.5,50.0
120,98,-22,-0.22448979591836735,-22.448979591836736
9,3,-6,-2.0,-200.0
54,33,-21,-0.6363636363636364,-63.63636363636363
6,12,6,0.5,50.0
129,119,-10,-0.08403361344537816,-8.403361344537815
6,1,-5,-5.0,-500.0
6,175,169,0.9657142857142857,96.57142857142857
122,410,288,0.7024390243902439,70.24390243902438
6,97,91,0.9381443298969072,93.81443298969072
19,51,32,0.6274509803921569,62.745098039215684
102,252,150,0.5952380952380952,59.523809523809526
22,48,26,0.5416666666666666,54.166666666666664
22,46,24,0.5217391304347826,52.17391304347826
125,708,583,0.8234463276836158,82.34463276836158
36,123,87,0.7073170731707317,70.73170731707317
6,70,64,0.9142857142857143,91.42857142857143
207,961,754,0.7845993756503642,78.45993756503643
115,305,190,0.6229508196721312,62.295081967213115
10,17,7,0.4117647058823529,41.17647058823529
50,127,77,0.6062992125984252,60.629921259842526
58,108,50,0.46296296296296297,46.2962962962963
24,49,25,0.5102040816326531,51.02040816326531
178,216,38,0.17592592592592593,17.59259259259259
135,167,32,0.19161676646706588,19.16167664670659
6,6,0,0.0,0.0
6,1,-5,-5.0,-500.0
36,15,-21,-1.4,-140.0
38,21,-17,-0.8095238095238095,-80.95238095238095
10,12,2,0.16666666666666666,16.666666666666664
78,92,14,0.15217391304347827,15.217391304347828
47,31,-16,-0.5161290322580645,-51.61290322580645
21,30,9,0.3,30.0
126,51,-75,-1.4705882352941178,-147.05882352941177
6,119,113,0.9495798319327731,94.9579831932773
122,670,548,0.817910447761194,81.7910447761194
6,99,93,0.9393939393939394,93.93939393939394
9,8,-1,-0.125,-12.5
120,99,-21,-0.21212121212121213,-21.21212121212121
79,55,-24,-0.43636363636363634,-43.63636363636363
16,11,-5,-0.45454545454545453,-45.45454545454545
155,67,-88,-1.3134328358208955,-131.34328358208955
93,33,-60,-1.8181818181818181,-181.8181818181818
7,27,20,0.7407407407407407,74.07407407407408
58,123,65,0.5284552845528455,52.84552845528455
58,54,-4,-0.07407407407407407,-7.4074074074074066
6,15,9,0.6,60.0
42,7,-35,-5.0,-500.0
114,98,-16,-0.16326530612244897,-16.3265306122449
115,73,-42,-0.5753424657534246,-57.534246575342465
60,46,-14,-0.30434782608695654,-30.434782608695656
6,123,117,0.9512195121951219,95.1219512195122
231,992,761,0.7671370967741935,76.71370967741935
230,802,572,0.713216957605985,71.3216957605985
6,230,224,0.9739130434782609,97.3913043478261
32,195,163,0.8358974358974359,83.58974358974359
219,1421,1202,0.8458831808585503,84.58831808585504
219,876,657,0.75,75.0
72,342,270,0.7894736842105263,78.94736842105263
18,14,-4,-0.2857142857142857,-28.57142857142857
6,78,72,0.9230769230769231,92.3076923076923
6,14,8,0.5714285714285714,57.14285714285714
6,4,-2,-0.5,-50.0
6,7,1,0.14285714285714285,14.285714285714285
6,4,-2,-0.5,-50.0
6,17,11,0.6470588235294118,64.70588235294117
6,49,43,0.8775510204081632,87.75510204081633
17,7,-10,-1.4285714285714286,-142.85714285714286
19,4,-15,-3.75,-375.0
7,8,1,0.125,12.5
7,4,-3,-0.75,-75.0
11,16,5,0.3125,31.25
18,36,18,0.5,50.0
43,36,-7,-0.19444444444444445,-19.444444444444446
14,2,-12,-6.0,-600.0
16,32,16,0.5,50.0
6,16,10,0.625,62.5
6,27,21,0.7777777777777778,77.77777777777779
21,35,14,0.4,40.0
37,21,-16,-0.7619047619047619,-76.19047619047619
6,38,32,0.8421052631578947,84.21052631578947
6,35,29,0.8285714285714286,82.85714285714286
6,21,15,0.7142857142857143,71.42857142857143
6,37,31,0.8378378378378378,83.78378378378379
6,30,24,0.8,80.0
6,30,24,0.8,80.0
11,1,-10,-10.0,-1000.0
48,11,-37,-3.3636363636363638,-336.3636363636364
11,2,-9,-4.5,-450.0
74,38,-36,-0.9473684210526315,-94.73684210526315
20,19,-1,-0.05263157894736842,-5.263157894736842
81,94,13,0.13829787234042554,13.829787234042554
25,17,-8,-0.47058823529411764,-47.05882352941176
97,56,-41,-0.7321428571428571,-73.21428571428571
6,8,2,0.25,25.0
6,40,34,0.85,85.0
18,4,-14,-3.5,-350.0
90,36,-54,-1.5,-150.0
7,38,31,0.8157894736842105,81.57894736842105
61,56,-5,-0.08928571428571429,-8.928571428571429
73,29,-44,-1.5172413793103448,-151.72413793103448
21,12,-9,-0.75,-75.0
95,44,-51,-1.1590909090909092,-115.90909090909092
22,2,-20,-10.0,-1000.0
93,15,-78,-5.2,-520.0
22,2,-20,-10.0,-1000.0
37,5,-32,-6.4,-640.0
120,66,-54,-0.8181818181818182,-81.81818181818183
37,4,-33,-8.25,-825.0
6,2,-4,-2.0,-200.0
83,32,-51,-1.59375,-159.375
6,10,4,0.4,40.0
22,4,-18,-4.5,-450.0
98,18,-80,-4.444444444444445,-444.44444444444446
6,12,6,0.5,50.0
6,2,-4,-2.0,-200.0
85,44,-41,-0.9318181818181818,-93.18181818181817
11,14,3,0.21428571428571427,21.428571428571427
15,10,-5,-0.5,-50.0
98,102,4,0.0392156862745098,3.9215686274509802
77,36,-41,-1.1388888888888888,-113.88888888888889
15,10,-5,-0.5,-50.0
98,94,-4,-0.0425531914893617,-4.25531914893617
77,33,-44,-1.3333333333333333,-133.33333333333331
6,29,23,0.7931034482758621,79.3103448275862
149,143,-6,-0.04195804195804196,-4.195804195804196
6,38,32,0.8421052631578947,84.21052631578947
14,44,30,0.6818181818181818,68.18181818181817
86,809,723,0.8936959208899876,89.36959208899876
68,230,162,0.7043478260869566,70.43478260869566
22,29,7,0.2413793103448276,24.137931034482758
95,149,54,0.3624161073825503,36.241610738255034
68,125,57,0.456,45.6
6,5,-1,-0.2,-20.0
77,41,-36,-0.8780487804878049,-87.8048780487805
55,25,-30,-1.2,-120.0
6,2,-4,-2.0,-200.0
163,69,-94,-1.3623188405797102,-136.23188405797103
132,154,22,0.14285714285714285,14.285714285714285
6,28,22,0.7857142857142857,78.57142857142857
142,209,67,0.32057416267942584,32.057416267942585
119,62,-57,-0.9193548387096774,-91.93548387096774
6,28,22,0.7857142857142857,78.57142857142857
201,348,147,0.4224137931034483,42.241379310344826
201,143,-58,-0.40559440559440557,-40.55944055944056
6,10,4,0.4,40.0
6,15,9,0.6,60.0
73,119,46,0.3865546218487395,38.655462184873954
73,145,72,0.496551724137931,49.6551724137931
6,12,6,0.5,50.0
6,4,-2,-0.5,-50.0
75,208,133,0.6394230769230769,63.942307692307686
75,61,-14,-0.22950819672131148,-22.950819672131146
6,4,-2,-0.5,-50.0
20,3,-17,-5.666666666666667,-566.6666666666667
203,34,-169,-4.970588235294118,-497.05882352941177
203,37,-166,-4.486486486486487,-448.6486486486487
45,10,-35,-3.5,-350.0
42,2,-40,-20.0,-2000.0
122,29,-93,-3.206896551724138,-320.6896551724138
122,36,-86,-2.388888888888889,-238.88888888888889
67,28,-39,-1.3928571428571428,-139.28571428571428
9,14,5,0.35714285714285715,35.714285714285715
51,25,-26,-1.04,-104.0
51,18,-33,-1.8333333333333333,-183.33333333333331
37,6,-31,-5.166666666666667,-516.6666666666667
6,100,94,0.94,94.0
214,513,299,0.5828460038986355,58.28460038986355
214,690,476,0.6898550724637681,68.98550724637681
6,660,654,0.990909090909091,99.0909090909091
6,9,3,0.3333333333333333,33.33333333333333
81,90,9,0.1,10.0
16,18,2,0.1111111111111111,11.11111111111111
81,134,53,0.39552238805970147,39.55223880597015
39,63,24,0.38095238095238093,38.095238095238095
174,396,222,0.5606060606060606,56.060606060606055
175,261,86,0.32950191570881227,32.95019157088122
90,129,39,0.3023255813953488,30.23255813953488
6,18,12,0.6666666666666666,66.66666666666666
222,106,-116,-1.0943396226415094,-109.43396226415094
222,91,-131,-1.4395604395604396,-143.95604395604394
103,58,-45,-0.7758620689655172,-77.58620689655173
56,30,-26,-0.8666666666666667,-86.66666666666667
254,251,-3,-0.01195219123505976,-1.1952191235059761
255,244,-11,-0.045081967213114756,-4.508196721311475
21,2,-19,-9.5,-950.0
23,28,5,0.17857142857142858,17.857142857142858
6,22,16,0.7272727272727273,72.72727272727273
6,52,46,0.8846153846153846,88.46153846153845
27,18,-9,-0.5,-50.0
73,43,-30,-0.6976744186046512,-69.76744186046511
15,6,-9,-1.5,-150.0
73,27,-46,-1.7037037037037037,-170.37037037037038
6,32,26,0.8125,81.25
74,139,65,0.4676258992805755,46.76258992805755
25,40,15,0.375,37.5
96,248,152,0.6129032258064516,61.29032258064516
94,96,2,0.020833333333333332,2.083333333333333
6,89,83,0.9325842696629213,93.25842696629213
102,392,290,0.7397959183673469,73.9795918367347
41,189,148,0.783068783068783,78.3068783068783
7,3,-4,-1.3333333333333333,-133.33333333333331
85,22,-63,-2.8636363636363638,-286.3636363636364
68,25,-43,-1.72,-172.0
6,2,-4,-2.0,-200.0
6,17,11,0.6470588235294118,64.70588235294117
37,90,53,0.5888888888888889,58.88888888888889
6,2,-4,-2.0,-200.0
6,2,-4,-2.0,-200.0
6,2,-4,-2.0,-200.0
6,2,-4,-2.0,-200.0
6,4,-2,-0.5,-50.0
6,8,2,0.25,25.0
6,2,-4,-2.0,-200.0
6,8,2,0.25,25.0
6,2,-4,-2.0,-200.0
6,2,-4,-2.0,-200.0
6,6,0,0.0,0.0
26,27,1,0.037037037037037035,3.7037037037037033
120,61,-59,-0.9672131147540983,-96.72131147540983
6,2,-4,-2.0,-200.0
38,549,511,0.930783242258652,93.0783242258652
6,42,36,0.8571428571428571,85.71428571428571
6,2,-4,-2.0,-200.0
6,2,-4,-2.0,-200.0
6,2,-4,-2.0,-200.0
6,54,48,0.8888888888888888,88.88888888888889
6,25,19,0.76,76.0
6,66,60,0.9090909090909091,90.9090909090909
6,22,16,0.7272727272727273,72.72727272727273
6,57,51,0.8947368421052632,89.47368421052632
181,40,-141,-3.525,-352.5
6,2,-4,-2.0,-200.0
6,6,0,0.0,0.0
6,28,22,0.7857142857142857,78.57142857142857
29,93,64,0.6881720430107527,68.81720430107528
6,552,546,0.9891304347826086,98.91304347826086
6,1798,1792,0.996662958843159,99.6662958843159
17,5,-12,-2.4,-240.0
57,54,-3,-0.05555555555555555,-5.555555555555555
6,17,11,0.6470588235294118,64.70588235294117
36,90,54,0.6,60.0
6,2,-4,-2.0,-200.0
38,549,511,0.930783242258652,93.0783242258652
6,42,36,0.8571428571428571,85.71428571428571
12,2,-10,-5.0,-500.0
10,2,-8,-4.0,-400.0
6,2,-4,-2.0,-200.0
6,6,0,0.0,0.0
6,2,-4,-2.0,-200.0
6,2,-4,-2.0,-200.0
18,2,-16,-8.0,-800.0
6,16,10,0.625,62.5
6,4,-2,-0.5,-50.0
6,4,-2,-0.5,-50.0
6,10,4,0.4,40.0
6,35,29,0.8285714285714286,82.85714285714286
9,2,-7,-3.5,-350.0
6,2,-4,-2.0,-200.0
6,2,-4,-2.0,-200.0
6,2,-4,-2.0,-200.0
6,2,-4,-2.0,-200.0
6,4,-2,-0.5,-50.0
6,8,2,0.25,25.0
6,2,-4,-2.0,-200.0
6,8,2,0.25,25.0
6,1,-5,-5.0,-500.0
7,1,-6,-6.0,-600.0
6,1,-5,-5.0,-500.0
34,6,-28,-4.666666666666667,-466.6666666666667
6,57,51,0.8947368421052632,89.47368421052632
6,219,213,0.9726027397260274,97.26027397260275
6,39,33,0.8461538461538461,84.61538461538461
78,311,233,0.7491961414790996,74.91961414790997
6,5,-1,-0.2,-20.0
11,4,-7,-1.75,-175.0
71,19,-52,-2.736842105263158,-273.6842105263158
11,24,13,0.5416666666666666,54.166666666666664
6,21,15,0.7142857142857143,71.42857142857143
210,98,-112,-1.1428571428571428,-114.28571428571428
6,2,-4,-2.0,-200.0
6,12,6,0.5,50.0
6,19,13,0.6842105263157895,68.42105263157895
6,12,6,0.5,50.0
61,46,-15,-0.32608695652173914,-32.608695652173914
6,4,-2,-0.5,-50.0
6,187,181,0.9679144385026738,96.79144385026738
401,1410,1009,0.7156028368794326,71.56028368794325
12,4,-8,-2.0,-200.0
72,19,-53,-2.789473684210526,-278.9473684210526
11,24,13,0.5416666666666666,54.166666666666664
6,3,-3,-1.0,-100.0
6,2,-4,-2.0,-200.0
6,4,-2,-0.5,-50.0
6,2,-4,-2.0,-200.0
6,21,15,0.7142857142857143,71.42857142857143
6,49,43,0.8775510204081632,87.75510204081633
164,205,41,0.2,20.0
6,2,-4,-2.0,-200.0
7,11,4,0.36363636363636365,36.36363636363637
22,16,-6,-0.375,-37.5
20,8,-12,-1.5,-150.0
6,76,70,0.9210526315789473,92.10526315789474
87,255,168,0.6588235294117647,65.88235294117646
6,13,7,0.5384615384615384,53.84615384615385
6,2,-4,-2.0,-200.0
6,12,6,0.5,50.0
6,19,13,0.6842105263157895,68.42105263157895
6,10,4,0.4,40.0
6,15,9,0.6,60.0
6,7,1,0.14285714285714285,14.285714285714285
6,24,18,0.75,75.0
15,19,4,0.21052631578947367,21.052631578947366
35,23,-12,-0.5217391304347826,-52.17391304347826
6,187,181,0.9679144385026738,96.79144385026738
399,1410,1011,0.7170212765957447,71.70212765957447
321,155,-166,-1.070967741935484,-107.0967741935484
6,62,56,0.9032258064516129,90.32258064516128
6,56,50,0.8928571428571429,89.28571428571429
79,282,203,0.7198581560283688,71.98581560283688
6,59,53,0.8983050847457628,89.83050847457628
6,11,5,0.45454545454545453,45.45454545454545
6,2,-4,-2.0,-200.0
6,2,-4,-2.0,-200.0
6,2,-4,-2.0,-200.0
6,268,262,0.9776119402985075,97.76119402985076
6,31,25,0.8064516129032258,80.64516129032258
13,10,-3,-0.3,-30.0
6,41,35,0.8536585365853658,85.36585365853658
93,332,239,0.7198795180722891,71.98795180722891
6,2,-4,-2.0,-200.0
6,1,-5,-5.0,-500.0
6,3,-3,-1.0,-100.0
6,1,-5,-5.0,-500.0
6,3,-3,-1.0,-100.0
6,1,-5,-5.0,-500.0
19,19,0,0.0,0.0
19,10,-9,-0.9,-90.0
6,5,-1,-0.2,-20.0
6,30,24,0.8,80.0
10,13,3,0.23076923076923078,23.076923076923077
54,152,98,0.6447368421052632,64.47368421052632
54,104,50,0.4807692307692308,48.07692307692308
7,11,4,0.36363636363636365,36.36363636363637
15,19,4,0.21052631578947367,21.052631578947366
35,23,-12,-0.5217391304347826,-52.17391304347826
16,60,44,0.7333333333333333,73.33333333333333
44,28,-16,-0.5714285714285714,-57.14285714285714
18,19,1,0.05263157894736842,5.263157894736842
74,93,19,0.20430107526881722,20.43010752688172
6,2,-4,-2.0,-200.0
6,6,0,0.0,0.0
6,28,22,0.7857142857142857,78.57142857142857
32,93,61,0.6559139784946236,65.59139784946237
6,17,11,0.6470588235294118,64.70588235294117
35,90,55,0.6111111111111112,61.111111111111114
6,42,36,0.8571428571428571,85.71428571428571
127,185,58,0.31351351351351353,31.351351351351354
6,107,101,0.9439252336448598,94.39252336448598
6,18,12,0.6666666666666666,66.66666666666666
6,2,-4,-2.0,-200.0
6,2,-4,-2.0,-200.0
6,16,10,0.625,62.5
6,4,-2,-0.5,-50.0
6,2,-4,-2.0,-200.0
6,4,-2,-0.5,-50.0
6,8,2,0.25,25.0
6,2,-4,-2.0,-200.0
6,8,2,0.25,25.0
6,101,95,0.9405940594059405,94.05940594059405
6,2,-4,-2.0,-200.0
6,2,-4,-2.0,-200.0
6,3,-3,-1.0,-100.0
6,3,-3,-1.0,-100.0
6,6,0,0.0,0.0
6,25,19,0.76,76.0
25,24,-1,-0.041666666666666664,-4.166666666666666
55,52,-3,-0.057692307692307696,-5.769230769230769
6,2,-4,-2.0,-200.0
6,23,17,0.7391304347826086,73.91304347826086
6,6,0,0.0,0.0
6,2,-4,-2.0,-200.0
6,4,-2,-0.5,-50.0
6,2,-4,-2.0,-200.0
6,14,8,0.5714285714285714,57.14285714285714
6,214,208,0.9719626168224299,97.19626168224299
45,10,-35,-3.5,-350.0
45,1,-44,-44.0,-4400.0
45,4,-41,-10.25,-1025.0
47,2,-45,-22.5,-2250.0
11,6,-5,-0.8333333333333334,-83.33333333333334
79,2,-77,-38.5,-3850.0
71,14,-57,-4.071428571428571,-407.1428571428571
6,10,4,0.4,40.0
37,32,-5,-0.15625,-15.625
37,17,-20,-1.1764705882352942,-117.64705882352942
41,38,-3,-0.07894736842105263,-7.894736842105263
10,1,-9,-9.0,-900.0
109,8,-101,-12.625,-1262.5
110,11,-99,-9.0,-900.0
110,17,-93,-5.470588235294118,-547.0588235294118
26,3,-23,-7.666666666666667,-766.6666666666667
13,2,-11,-5.5,-550.0
60,37,-23,-0.6216216216216216,-62.16216216216216
60,24,-36,-1.5,-150.0
60,24,-36,-1.5,-150.0
43,25,-18,-0.72,-72.0
12,11,-1,-0.09090909090909091,-9.090909090909092
62,200,138,0.69,69.0
62,185,123,0.6648648648648648,66.48648648648648
62,45,-17,-0.37777777777777777,-37.77777777777778
63,49,-14,-0.2857142857142857,-28.57142857142857
107,12,-95,-7.916666666666667,-791.6666666666667
107,5,-102,-20.4,-2039.9999999999998
108,15,-93,-6.2,-620.0
108,4,-104,-26.0,-2600.0
12,4,-8,-2.0,-200.0
17,4,-13,-3.25,-325.0
165,13,-152,-11.692307692307692,-1169.230769230769
166,11,-155,-14.090909090909092,-1409.0909090909092
166,18,-148,-8.222222222222221,-822.2222222222222
167,19,-148,-7.7894736842105265,-778.9473684210526
23,3,-20,-6.666666666666667,-666.6666666666667
21,68,47,0.6911764705882353,69.11764705882352
159,469,310,0.6609808102345416,66.09808102345416
160,669,509,0.7608370702541106,76.08370702541106
160,361,201,0.556786703601108,55.67867036011081
160,285,125,0.43859649122807015,43.859649122807014
29,37,8,0.21621621621621623,21.62162162162162
14,5,-9,-1.8,-180.0
14,1,-13,-13.0,-1300.0
14,3,-11,-3.6666666666666665,-366.66666666666663
14,2,-12,-6.0,-600.0
6,2,-4,-2.0,-200.0
9,3,-6,-2.0,-200.0
55,22,-33,-1.5,-150.0
55,38,-17,-0.4473684210526316,-44.73684210526316
55,22,-33,-1.5,-150.0
56,38,-18,-0.47368421052631576,-47.368421052631575
50,23,-27,-1.173913043478261,-117.3913043478261
18,1,-17,-17.0,-1700.0
115,30,-85,-2.8333333333333335,-283.33333333333337
115,43,-72,-1.6744186046511629,-167.4418604651163
116,66,-50,-0.7575757575757576,-75.75757575757575
116,43,-73,-1.697674418604651,-169.7674418604651
6,3,-3,-1.0,-100.0
21,45,24,0.5333333333333333,53.333333333333336
7,6,-1,-0.16666666666666666,-16.666666666666664
143,3,-140,-46.666666666666664,-4666.666666666666
145,55,-90,-1.6363636363636365,-163.63636363636365
147,114,-33,-0.2894736842105263,-28.947368421052634
149,95,-54,-0.5684210526315789,-56.84210526315789
151,173,22,0.12716763005780346,12.716763005780345
6,3,-3,-1.0,-100.0
48,17,-31,-1.8235294117647058,-182.35294117647058
49,24,-25,-1.0416666666666667,-104.16666666666667
49,36,-13,-0.3611111111111111,-36.11111111111111
49,23,-26,-1.1304347826086956,-113.04347826086956
49,42,-7,-0.16666666666666666,-16.666666666666664
6,11,5,0.45454545454545453,45.45454545454545
71,29,-42,-1.4482758620689655,-144.82758620689654
32,8,-24,-3.0,-300.0
96,46,-50,-1.0869565217391304,-108.69565217391303
76,53,-23,-0.4339622641509434,-43.39622641509434
6,3,-3,-1.0,-100.0
33,37,4,0.10810810810810811,10.81081081081081
33,26,-7,-0.2692307692307692,-26.923076923076923
7,20,13,0.65,65.0
53,175,122,0.6971428571428572,69.71428571428572
54,36,-18,-0.5,-50.0
22,790,768,0.9721518987341772,97.21518987341771
106,2765,2659,0.9616636528028933,96.16636528028934
85,1298,1213,0.9345146379044684,93.45146379044684
31,11,-20,-1.8181818181818181,-181.8181818181818
154,28,-126,-4.5,-450.0
154,69,-85,-1.2318840579710144,-123.18840579710144
35,8,-27,-3.375,-337.5
43,115,72,0.6260869565217392,62.60869565217392
135,1293,1158,0.8955916473317865,89.55916473317865
135,1487,1352,0.9092131809011432,90.92131809011433
78,4942,4864,0.9842169162282477,98.42169162282477
136,2443,2307,0.9443307408923455,94.43307408923455
136,1572,1436,0.9134860050890585,91.34860050890585
22,13,-9,-0.6923076923076923,-69.23076923076923
136,74,-62,-0.8378378378378378,-83.78378378378379
137,55,-82,-1.490909090909091,-149.0909090909091
138,59,-79,-1.3389830508474576,-133.89830508474577
75,47,-28,-0.5957446808510638,-59.57446808510638
11,31,20,0.6451612903225806,64.51612903225806
136,395,259,0.6556962025316456,65.56962025316456
136,475,339,0.7136842105263158,71.36842105263158
136,662,526,0.7945619335347432,79.45619335347432
137,825,688,0.833939393939394,83.3939393939394
74,328,254,0.774390243902439,77.4390243902439
6,242,236,0.9752066115702479,97.52066115702479
125,2163,2038,0.9422098936662043,94.22098936662043
125,2727,2602,0.9541620828749542,95.41620828749542
125,1750,1625,0.9285714285714286,92.85714285714286
125,1114,989,0.8877917414721723,88.77917414721723
125,107,-18,-0.16822429906542055,-16.822429906542055
11,6,-5,-0.8333333333333334,-83.33333333333334
80,64,-16,-0.25,-25.0
80,97,17,0.17525773195876287,17.525773195876287
80,88,8,0.09090909090909091,9.090909090909092
81,148,67,0.4527027027027027,45.27027027027027
81,231,150,0.6493506493506493,64.93506493506493
11,2,-9,-4.5,-450.0
73,53,-20,-0.37735849056603776,-37.735849056603776
73,85,12,0.1411764705882353,14.117647058823529
74,103,29,0.2815533980582524,28.155339805825243
74,25,-49,-1.96,-196.0
74,125,51,0.408,40.8
73,24,-49,-2.0416666666666665,-204.16666666666666
73,40,-33,-0.825,-82.5
74,28,-46,-1.6428571428571428,-164.28571428571428
74,48,-26,-0.5416666666666666,-54.166666666666664
74,89,15,0.16853932584269662,16.853932584269664
11,25,14,0.56,56.00000000000001
101,257,156,0.6070038910505836,60.70038910505836
101,265,164,0.6188679245283019,61.886792452830186
101,311,210,0.6752411575562701,67.52411575562701
102,315,213,0.6761904761904762,67.61904761904762
102,283,181,0.6395759717314488,63.957597173144876
10,7,-3,-0.42857142857142855,-42.857142857142854
134,31,-103,-3.3225806451612905,-332.258064516129
134,45,-89,-1.9777777777777779,-197.77777777777777
134,66,-68,-1.0303030303030303,-103.03030303030303
135,63,-72,-1.1428571428571428,-114.28571428571428
135,44,-91,-2.0681818181818183,-206.81818181818184
10,50,40,0.8,80.0
149,616,467,0.7581168831168831,75.81168831168831
149,780,631,0.808974358974359,80.8974358974359
150,857,707,0.8249708284714119,82.49708284714119
150,652,502,0.7699386503067485,76.99386503067484
150,1057,907,0.8580889309366131,85.80889309366131
8,3,-5,-1.6666666666666667,-166.66666666666669
80,124,44,0.3548387096774194,35.483870967741936
81,129,48,0.37209302325581395,37.2093023255814
81,112,31,0.2767857142857143,27.67857142857143
82,128,46,0.359375,35.9375
82,89,7,0.07865168539325842,7.865168539325842
11,3,-8,-2.6666666666666665,-266.66666666666663
51,29,-22,-0.7586206896551724,-75.86206896551724
51,30,-21,-0.7,-70.0
51,116,65,0.5603448275862069,56.03448275862068
51,20,-31,-1.55,-155.0
51,18,-33,-1.8333333333333333,-183.33333333333331
34,16,-18,-1.125,-112.5
198,78,-120,-1.5384615384615385,-153.84615384615387
198,73,-125,-1.7123287671232876,-171.23287671232876
199,128,-71,-0.5546875,-55.46875
200,92,-108,-1.173913043478261,-117.3913043478261
201,134,-67,-0.5,-50.0
7,2,-5,-2.5,-250.0
63,41,-22,-0.5365853658536586,-53.65853658536586
63,28,-35,-1.25,-125.0
63,32,-31,-0.96875,-96.875
64,54,-10,-0.18518518518518517,-18.51851851851852
64,158,94,0.5949367088607594,59.49367088607595
14,12,-2,-0.16666666666666666,-16.666666666666664
201,71,-130,-1.8309859154929577,-183.09859154929578
202,109,-93,-0.8532110091743119,-85.3211009174312
202,61,-141,-2.3114754098360657,-231.14754098360658
203,101,-102,-1.00990099009901,-100.99009900990099
203,89,-114,-1.2808988764044944,-128.08988764044943
9,1,-8,-8.0,-800.0
37,11,-26,-2.3636363636363638,-236.36363636363637
38,12,-26,-2.1666666666666665,-216.66666666666666
38,19,-19,-1.0,-100.0
39,23,-16,-0.6956521739130435,-69.56521739130434
39,38,-1,-0.02631578947368421,-2.631578947368421
20,11,-9,-0.8181818181818182,-81.81818181818183
77,86,9,0.10465116279069768,10.465116279069768
78,86,8,0.09302325581395349,9.30232558139535
78,112,34,0.30357142857142855,30.357142857142854
32,41,9,0.21951219512195122,21.951219512195124
32,9,-23,-2.5555555555555554,-255.55555555555554
6,76,70,0.9210526315789473,92.10526315789474
85,255,170,0.6666666666666666,66.66666666666666
6,13,7,0.5384615384615384,53.84615384615385
6,21,15,0.7142857142857143,71.42857142857143
202,98,-104,-1.0612244897959184,-106.12244897959184
6,20,14,0.7,70.0
6,1360,1354,0.9955882352941177,99.55882352941177
6,2031,2025,0.9970457902511078,99.70457902511079
6,71,65,0.9154929577464789,91.54929577464789
6,610,604,0.9901639344262295,99.01639344262296
100,3126,3026,0.9680102367242482,96.80102367242482
99,1536,1437,0.935546875,93.5546875
6,86,80,0.9302325581395349,93.02325581395348
22,15,-7,-0.4666666666666667,-46.666666666666664
113,463,350,0.755939524838013,75.5939524838013
114,410,296,0.7219512195121951,72.1951219512195
21,140,119,0.85,85.0
51,24,-27,-1.125,-112.5
15,8,-7,-0.875,-87.5
88,121,33,0.2727272727272727,27.27272727272727
28,1,-27,-27.0,-2700.0
87,40,-47,-1.175,-117.5
28,16,-12,-0.75,-75.0
77,31,-46,-1.4838709677419355,-148.38709677419354
106,23,-83,-3.608695652173913,-360.8695652173913
13,13,0,0.0,0.0
94,96,2,0.020833333333333332,2.083333333333333
32,10,-22,-2.2,-220.00000000000003
78,22,-56,-2.5454545454545454,-254.54545454545453
6,1,-5,-5.0,-500.0
33,51,18,0.35294117647058826,35.294117647058826
75,198,123,0.6212121212121212,62.121212121212125
58,23,-35,-1.5217391304347827,-152.17391304347828
6,167,161,0.9640718562874252,96.40718562874252
94,339,245,0.7227138643067846,72.27138643067846
8,60,52,0.8666666666666667,86.66666666666667
31,13,-18,-1.3846153846153846,-138.46153846153845
151,210,59,0.28095238095238095,28.095238095238095
151,133,-18,-0.13533834586466165,-13.533834586466165
151,217,66,0.30414746543778803,30.414746543778804
9,37,28,0.7567567567567568,75.67567567567568
74,66,-8,-0.12121212121212122,-12.121212121212121
74,264,190,0.7196969696969697,71.96969696969697
74,153,79,0.5163398692810458,51.633986928104584
74,335,261,0.7791044776119403,77.91044776119404
8,1,-7,-7.0,-700.0
41,34,-7,-0.20588235294117646,-20.588235294117645
41,43,2,0.046511627906976744,4.651162790697675
41,32,-9,-0.28125,-28.125
40,43,3,0.06976744186046512,6.976744186046512
29,27,-2,-0.07407407407407407,-7.4074074074074066
77,292,215,0.7363013698630136,73.63013698630137
27,42,15,0.35714285714285715,35.714285714285715
68,40,-28,-0.7,-70.0
28,14,-14,-1.0,-100.0
81,29,-52,-1.793103448275862,-179.31034482758622
26,1,-25,-25.0,-2500.0
103,12,-91,-7.583333333333333,-758.3333333333333
11,15,4,0.26666666666666666,26.666666666666668
106,90,-16,-0.17777777777777778,-17.77777777777778
12,13,1,0.07692307692307693,7.6923076923076925
95,293,198,0.6757679180887372,67.57679180887372
29,6,-23,-3.8333333333333335,-383.33333333333337
145,65,-80,-1.2307692307692308,-123.07692307692308
64,33,-31,-0.9393939393939394,-93.93939393939394
33,17,-16,-0.9411764705882353,-94.11764705882352
97,62,-35,-0.5645161290322581,-56.451612903225815
48,7,-41,-5.857142857142857,-585.7142857142857
137,102,-35,-0.3431372549019608,-34.31372549019608
23,11,-12,-1.0909090909090908,-109.09090909090908
102,68,-34,-0.5,-50.0
23,14,-9,-0.6428571428571429,-64.28571428571429
29,3,-26,-8.666666666666666,-866.6666666666666
99,8,-91,-11.375,-1137.5
96,6,-90,-15.0,-1500.0
100,2,-98,-49.0,-4900.0
35,7,-28,-4.0,-400.0
69,42,-27,-0.6428571428571429,-64.28571428571429
69,17,-52,-3.0588235294117645,-305.88235294117646
14,2,-12,-6.0,-600.0
17,2,-15,-7.5,-750.0
6,4,-2,-0.5,-50.0
21,11,-10,-0.9090909090909091,-90.9090909090909
93,143,50,0.34965034965034963,34.96503496503497
94,86,-8,-0.09302325581395349,-9.30232558139535
66,17,-49,-2.8823529411764706,-288.2352941176471
30,7,-23,-3.2857142857142856,-328.57142857142856
199,69,-130,-1.8840579710144927,-188.40579710144928
199,91,-108,-1.1868131868131868,-118.68131868131869
79,70,-9,-0.12857142857142856,-12.857142857142856
11,3,-8,-2.6666666666666665,-266.66666666666663
86,10,-76,-7.6,-760.0
86,3,-83,-27.666666666666668,-2766.666666666667
85,14,-71,-5.071428571428571,-507.1428571428571
24,18,-6,-0.3333333333333333,-33.33333333333333
232,154,-78,-0.5064935064935064,-50.649350649350644
233,180,-53,-0.29444444444444445,-29.444444444444446
157,200,43,0.215,21.5
17,8,-9,-1.125,-112.5
192,111,-81,-0.7297297297297297,-72.97297297297297
193,104,-89,-0.8557692307692307,-85.57692307692307
193,64,-129,-2.015625,-201.5625
66,52,-14,-0.2692307692307692,-26.923076923076923
17,14,-3,-0.21428571428571427,-21.428571428571427
192,127,-65,-0.5118110236220472,-51.181102362204726
193,105,-88,-0.8380952380952381,-83.80952380952381
6,223,217,0.9730941704035875,97.30941704035875
315,1639,1324,0.8078096400244051,80.78096400244051
314,1560,1246,0.7987179487179488,79.87179487179488
314,805,491,0.6099378881987577,60.993788819875775
314,881,567,0.6435868331441543,64.35868331441543
314,956,642,0.6715481171548117,67.15481171548117
6,2,-4,-2.0,-200.0
6,2,-4,-2.0,-200.0
6,12,6,0.5,50.0
6,19,13,0.6842105263157895,68.42105263157895
6,10,4,0.4,40.0
6,15,9,0.6,60.0
6,7,1,0.14285714285714285,14.285714285714285
6,187,181,0.9679144385026738,96.79144385026738
6,62,56,0.9032258064516129,90.32258064516128
6,1360,1354,0.9955882352941177,99.55882352941177
6,2031,2025,0.9970457902511078,99.70457902511079
6,2,-4,-2.0,-200.0
13,1,-12,-12.0,-1200.0
71,13,-58,-4.461538461538462,-446.1538461538462
72,12,-60,-5.0,-500.0
73,7,-66,-9.428571428571429,-942.8571428571429
73,6,-67,-11.166666666666666,-1116.6666666666665
74,3,-71,-23.666666666666668,-2366.666666666667
142,1,-141,-141.0,-14100.0
141,1,-140,-140.0,-14000.0
6,9,3,0.3333333333333333,33.33333333333333
32,30,-2,-0.06666666666666667,-6.666666666666667
58,47,-11,-0.23404255319148937,-23.404255319148938
43,47,4,0.0851063829787234,8.51063829787234
70,24,-46,-1.9166666666666667,-191.66666666666669
17,52,35,0.6730769230769231,67.3076923076923
106,98,-8,-0.08163265306122448,-8.16326530612245
10,10,0,0.0,0.0
44,67,23,0.34328358208955223,34.32835820895522
44,83,39,0.46987951807228917,46.98795180722892
44,49,5,0.10204081632653061,10.204081632653061
44,40,-4,-0.1,-10.0
48,23,-25,-1.0869565217391304,-108.69565217391303
10,12,2,0.16666666666666666,16.666666666666664
58,104,46,0.4423076923076923,44.230769230769226
18,5,-13,-2.6,-260.0
63,34,-29,-0.8529411764705882,-85.29411764705883
9,50,41,0.82,82.0
6,2,-4,-2.0,-200.0
42,2,-40,-20.0,-2000.0
37,9,-28,-3.111111111111111,-311.11111111111114
14,10,-4,-0.4,-40.0
22,40,18,0.45,45.0
15,9,-6,-0.6666666666666666,-66.66666666666666
41,17,-24,-1.411764705882353,-141.1764705882353
37,45,8,0.17777777777777778,17.77777777777778
114,611,497,0.8134206219312602,81.34206219312603
14,3,-11,-3.6666666666666665,-366.66666666666663
6,124,118,0.9516129032258065,95.16129032258065
77,409,332,0.8117359413202934,81.17359413202934
37,116,79,0.6810344827586207,68.10344827586206
31,516,485,0.939922480620155,93.9922480620155
148,2945,2797,0.9497453310696095,94.97453310696095
75,2468,2393,0.9696110210696921,96.96110210696921
22,790,768,0.9721518987341772,97.21518987341771
107,2765,2658,0.9613019891500905,96.13019891500905
86,1298,1212,0.9337442218798151,93.37442218798151
29,20,-9,-0.45,-45.0
94,243,149,0.6131687242798354,61.31687242798354
94,76,-18,-0.23684210526315788,-23.684210526315788
66,18,-48,-2.6666666666666665,-266.66666666666663
32,23,-9,-0.391304347826087,-39.130434782608695
86,153,67,0.43790849673202614,43.790849673202615
86,106,20,0.18867924528301888,18.867924528301888
68,19,-49,-2.5789473684210527,-257.89473684210526
17,19,2,0.10526315789473684,10.526315789473683
178,166,-12,-0.07228915662650602,-7.228915662650602
178,89,-89,-1.0,-100.0
6,4,-2,-0.5,-50.0
6,16,10,0.625,62.5
6,54,48,0.8888888888888888,88.88888888888889
176,315,139,0.44126984126984126,44.12698412698413
6,12,6,0.5,50.0
6,14,8,0.5714285714285714,57.14285714285714
177,57,-120,-2.1052631578947367,-210.52631578947367
6,7,1,0.14285714285714285,14.285714285714285
6,76,70,0.9210526315789473,92.10526315789474
85,255,170,0.6666666666666666,66.66666666666666
18,5,-13,-2.6,-260.0
22,11,-11,-1.0,-100.0
14,11,-3,-0.2727272727272727,-27.27272727272727
87,56,-31,-0.5535714285714286,-55.35714285714286
6,167,161,0.9640718562874252,96.40718562874252
94,339,245,0.7227138643067846,72.27138643067846
9,60,51,0.85,85.0
29,4,-25,-6.25,-625.0
72,134,62,0.4626865671641791,46.26865671641791
80,15,-65,-4.333333333333333,-433.3333333333333
29,5,-24,-4.8,-480.0
72,132,60,0.45454545454545453,45.45454545454545
80,17,-63,-3.7058823529411766,-370.5882352941177
8,3,-5,-1.6666666666666667,-166.66666666666669
8,9,1,0.1111111111111111,11.11111111111111
57,56,-1,-0.017857142857142856,-1.7857142857142856
100,204,104,0.5098039215686274,50.98039215686274
25,11,-14,-1.2727272727272727,-127.27272727272727
76,47,-29,-0.6170212765957447,-61.702127659574465
12,5,-7,-1.4,-140.0
77,294,217,0.7380952380952381,73.80952380952381
82,405,323,0.7975308641975308,79.75308641975309
17,9,-8,-0.8888888888888888,-88.88888888888889
111,42,-69,-1.6428571428571428,-164.28571428571428
28,2,-26,-13.0,-1300.0
137,29,-108,-3.7241379310344827,-372.41379310344826
85,8,-77,-9.625,-962.5
20,22,2,0.09090909090909091,9.090909090909092
100,124,24,0.1935483870967742,19.35483870967742
101,56,-45,-0.8035714285714286,-80.35714285714286
7,34,27,0.7941176470588235,79.41176470588235
6,50,44,0.88,88.0
6,59,53,0.8983050847457628,89.83050847457628
6,6,0,0.0,0.0
6,6,0,0.0,0.0
6,22,16,0.7272727272727273,72.72727272727273
6,19,13,0.6842105263157895,68.42105263157895
139,29,-110,-3.793103448275862,-379.3103448275862
138,29,-109,-3.7586206896551726,-375.86206896551727
14,10,-4,-0.4,-40.0
6,41,35,0.8536585365853658,85.36585365853658
87,332,245,0.7379518072289156,73.79518072289156
6,8,2,0.25,25.0
6,26,20,0.7692307692307693,76.92307692307693
15,30,15,0.5,50.0
37,62,25,0.4032258064516129,40.32258064516129
6,33,27,0.8181818181818182,81.81818181818183
10,5,-5,-1.0,-100.0
6,62,56,0.9032258064516129,90.32258064516128
9,31,22,0.7096774193548387,70.96774193548387
48,141,93,0.6595744680851063,65.95744680851064
48,44,-4,-0.09090909090909091,-9.090909090909092
48,66,18,0.2727272727272727,27.27272727272727
48,54,6,0.1111111111111111,11.11111111111111
48,59,11,0.1864406779661017,18.64406779661017
9,29,20,0.6896551724137931,68.96551724137932
47,138,91,0.6594202898550725,65.94202898550725
47,44,-3,-0.06818181818181818,-6.8181818181818175
8,14,6,0.42857142857142855,42.857142857142854
46,73,27,0.3698630136986301,36.986301369863014
46,72,26,0.3611111111111111,36.11111111111111
9,55,46,0.8363636363636363,83.63636363636363
12,144,132,0.9166666666666666,91.66666666666666
12,113,101,0.8938053097345132,89.38053097345133
12,138,126,0.9130434782608695,91.30434782608695
12,103,91,0.883495145631068,88.3495145631068
12,206,194,0.941747572815534,94.1747572815534
6,1,-5,-5.0,-500.0
38,33,-5,-0.15151515151515152,-15.151515151515152
38,12,-26,-2.1666666666666665,-216.66666666666666
38,26,-12,-0.46153846153846156,-46.15384615384615
39,16,-23,-1.4375,-143.75
9,45,36,0.8,80.0
12,8,-4,-0.5,-50.0
69,36,-33,-0.9166666666666666,-91.66666666666666
69,14,-55,-3.9285714285714284,-392.85714285714283
9,39,30,0.7692307692307693,76.92307692307693
163,40,-123,-3.075,-307.5
18,14,-4,-0.2857142857142857,-28.57142857142857
6,2,-4,-2.0,-200.0
6,9,3,0.3333333333333333,33.33333333333333
55,28,-27,-0.9642857142857143,-96.42857142857143
6,14,8,0.5714285714285714,57.14285714285714
175,57,-118,-2.0701754385964914,-207.01754385964915
6,5,-1,-0.2,-20.0
6,3,-3,-1.0,-100.0
227,127,-100,-0.7874015748031497,-78.74015748031496
227,62,-165,-2.661290322580645,-266.1290322580645
6,18,12,0.6666666666666666,66.66666666666666
6,55,49,0.8909090909090909,89.0909090909091
96,468,372,0.7948717948717948,79.48717948717949
96,491,395,0.8044806517311609,80.44806517311609
96,262,166,0.6335877862595419,63.358778625954194
6,4,-2,-0.5,-50.0
38,2,-36,-18.0,-1800.0
38,3,-35,-11.666666666666666,-1166.6666666666665
38,1,-37,-37.0,-3700.0
38,2,-36,-18.0,-1800.0
6,1,-5,-5.0,-500.0
146,8,-138,-17.25,-1725.0
146,8,-138,-17.25,-1725.0
146,7,-139,-19.857142857142858,-1985.7142857142858
146,3,-143,-47.666666666666664,-4766.666666666666
146,7,-139,-19.857142857142858,-1985.7142857142858
116,19,-97,-5.105263157894737,-510.5263157894737
116,23,-93,-4.043478260869565,-404.34782608695656
116,23,-93,-4.043478260869565,-404.34782608695656
115,32,-83,-2.59375,-259.375
115,27,-88,-3.259259259259259,-325.9259259259259
35,9,-26,-2.888888888888889,-288.88888888888886
35,2,-33,-16.5,-1650.0
35,6,-29,-4.833333333333333,-483.3333333333333
35,3,-32,-10.666666666666666,-1066.6666666666665
35,21,-14,-0.6666666666666666,-66.66666666666666
27,6,-21,-3.5,-350.0
27,9,-18,-2.0,-200.0
27,9,-18,-2.0,-200.0
28,3,-25,-8.333333333333334,-833.3333333333334
28,8,-20,-2.5,-250.0
11,2,-9,-4.5,-450.0
32,7,-25,-3.5714285714285716,-357.14285714285717
33,5,-28,-5.6,-560.0
33,12,-21,-1.75,-175.0
33,22,-11,-0.5,-50.0
34,10,-24,-2.4,-240.0
94,1,-93,-93.0,-9300.0
94,2,-92,-46.0,-4600.0
95,4,-91,-22.75,-2275.0
95,3,-92,-30.666666666666668,-3066.666666666667
223,27,-196,-7.2592592592592595,-725.925925925926
223,19,-204,-10.736842105263158,-1073.6842105263158
223,29,-194,-6.689655172413793,-668.9655172413793
223,27,-196,-7.2592592592592595,-725.925925925926
223,13,-210,-16.153846153846153,-1615.3846153846152
102,3,-99,-33.0,-3300.0
103,3,-100,-33.333333333333336,-3333.3333333333335
103,4,-99,-24.75,-2475.0
103,7,-96,-13.714285714285714,-1371.4285714285713
104,5,-99,-19.8,-1980.0
8,1,-7,-7.0,-700.0
16,5,-11,-2.2,-220.00000000000003
16,1,-15,-15.0,-1500.0
16,2,-14,-7.0,-700.0
16,5,-11,-2.2,-220.00000000000003
16,6,-10,-1.6666666666666667,-166.66666666666669
6,1,-5,-5.0,-500.0
6,44,38,0.8636363636363636,86.36363636363636
6,2,-4,-2.0,-200.0
6,3,-3,-1.0,-100.0
41,23,-18,-0.782608695652174,-78.26086956521739
23,54,31,0.5740740740740741,57.407407407407405
84,174,90,0.5172413793103449,51.724137931034484
28,24,-4,-0.16666666666666666,-16.666666666666664
91,120,29,0.24166666666666667,24.166666666666668
26,3,-23,-7.666666666666667,-766.6666666666667
92,48,-44,-0.9166666666666666,-91.66666666666666
19,3,-16,-5.333333333333333,-533.3333333333333
98,26,-72,-2.769230769230769,-276.9230769230769
56,17,-39,-2.2941176470588234,-229.41176470588235
20,6,-14,-2.3333333333333335,-233.33333333333334
81,47,-34,-0.723404255319149,-72.3404255319149
20,6,-14,-2.3333333333333335,-233.33333333333334
81,36,-45,-1.25,-125.0
96,7,-89,-12.714285714285714,-1271.4285714285713
29,8,-21,-2.625,-262.5
105,20,-85,-4.25,-425.0
6,3,-3,-1.0,-100.0
39,22,-17,-0.7727272727272727,-77.27272727272727
6,3,-3,-1.0,-100.0
39,21,-18,-0.8571428571428571,-85.71428571428571
109,16,-93,-5.8125,-581.25
6,30,24,0.8,80.0
83,104,21,0.20192307692307693,20.192307692307693
38,135,97,0.7185185185185186,71.85185185185186
243,743,500,0.6729475100942126,67.29475100942126
16,7,-9,-1.2857142857142858,-128.57142857142858
90,60,-30,-0.5,-50.0
51,22,-29,-1.3181818181818181,-131.8181818181818
157,75,-82,-1.0933333333333333,-109.33333333333333
57,20,-37,-1.85,-185.0
18,21,3,0.14285714285714285,14.285714285714285
198,239,41,0.17154811715481172,17.154811715481173
69,80,11,0.1375,13.750000000000002
47,4,-43,-10.75,-1075.0
156,107,-49,-0.45794392523364486,-45.794392523364486
84,54,-30,-0.5555555555555556,-55.55555555555556
34,68,34,0.5,50.0
272,427,155,0.3629976580796253,36.29976580796253
87,328,241,0.7347560975609756,73.47560975609755
53,33,-20,-0.6060606060606061,-60.60606060606061
147,335,188,0.5611940298507463,56.11940298507463
94,134,40,0.29850746268656714,29.850746268656714
99,26,-73,-2.8076923076923075,-280.7692307692308
51,41,-10,-0.24390243902439024,-24.390243902439025
6,3,-3,-1.0,-100.0
99,27,-72,-2.6666666666666665,-266.66666666666663
51,41,-10,-0.24390243902439024,-24.390243902439025
40,3,-37,-12.333333333333334,-1233.3333333333335
83,53,-30,-0.5660377358490566,-56.60377358490566
75,7,-68,-9.714285714285714,-971.4285714285713
50,4,-46,-11.5,-1150.0
143,43,-100,-2.3255813953488373,-232.55813953488374
80,34,-46,-1.3529411764705883,-135.29411764705884
50,8,-42,-5.25,-525.0
143,59,-84,-1.423728813559322,-142.3728813559322
80,38,-42,-1.105263157894737,-110.5263157894737
40,6,-34,-5.666666666666667,-566.6666666666667
83,68,-15,-0.22058823529411764,-22.058823529411764
72,42,-30,-0.7142857142857143,-71.42857142857143
50,6,-44,-7.333333333333333,-733.3333333333333
143,52,-91,-1.75,-175.0
80,30,-50,-1.6666666666666667,-166.66666666666669
40,4,-36,-9.0,-900.0
83,53,-30,-0.5660377358490566,-56.60377358490566
72,8,-64,-8.0,-800.0
6,43,37,0.8604651162790697,86.04651162790698
81,445,364,0.8179775280898877,81.79775280898876
65,245,180,0.7346938775510204,73.46938775510205
6,37,31,0.8378378378378378,83.78378378378379
67,420,353,0.8404761904761905,84.04761904761905
57,200,143,0.715,71.5
60,82,22,0.2682926829268293,26.82926829268293
61,52,-9,-0.17307692307692307,-17.307692307692307
6,15,9,0.6,60.0
165,156,-9,-0.057692307692307696,-5.769230769230769
165,271,106,0.39114391143911437,39.11439114391143
9,61,52,0.8524590163934426,85.24590163934425
6,1,-5,-5.0,-500.0
110,65,-45,-0.6923076923076923,-69.23076923076923
110,82,-28,-0.34146341463414637,-34.146341463414636
6,17,11,0.6470588235294118,64.70588235294117
14,13,-1,-0.07692307692307693,-7.6923076923076925
118,92,-26,-0.2826086956521739,-28.26086956521739
118,132,14,0.10606060606060606,10.606060606060606
66,85,19,0.2235294117647059,22.35294117647059
7,16,9,0.5625,56.25
56,109,53,0.48623853211009177,48.62385321100918
56,65,9,0.13846153846153847,13.846153846153847
42,56,14,0.25,25.0
6,12,6,0.5,50.0
250,53,-197,-3.7169811320754715,-371.6981132075472
250,113,-137,-1.2123893805309736,-121.23893805309736
97,66,-31,-0.4696969696969697,-46.96969696969697
14,2,-12,-6.0,-600.0
145,38,-107,-2.8157894736842106,-281.57894736842104
145,24,-121,-5.041666666666667,-504.1666666666667
95,22,-73,-3.3181818181818183,-331.8181818181818
22,6,-16,-2.6666666666666665,-266.66666666666663
191,76,-115,-1.513157894736842,-151.3157894736842
192,51,-141,-2.764705882352941,-276.4705882352941
77,31,-46,-1.4838709677419355,-148.38709677419354
34,67,33,0.4925373134328358,49.25373134328358
243,591,348,0.5888324873096447,58.88324873096447
244,591,347,0.5871404399323181,58.71404399323181
244,506,262,0.5177865612648221,51.77865612648221
19,129,110,0.8527131782945736,85.27131782945736
22,30,8,0.26666666666666666,26.666666666666668
280,165,-115,-0.696969696969697,-69.6969696969697
280,77,-203,-2.6363636363636362,-263.6363636363636
280,56,-224,-4.0,-400.0
30,6,-24,-4.0,-400.0
10,12,2,0.16666666666666666,16.666666666666664
151,69,-82,-1.1884057971014492,-118.84057971014492
151,70,-81,-1.1571428571428573,-115.71428571428572
151,51,-100,-1.9607843137254901,-196.078431372549
16,6,-10,-1.6666666666666667,-166.66666666666669
58,27,-31,-1.1481481481481481,-114.81481481481481
58,10,-48,-4.8,-480.0
58,15,-43,-2.8666666666666667,-286.6666666666667
37,16,-21,-1.3125,-131.25
6,4,-2,-0.5,-50.0
74,75,1,0.013333333333333334,1.3333333333333335
74,83,9,0.10843373493975904,10.843373493975903
74,69,-5,-0.07246376811594203,-7.246376811594203
6,18,12,0.6666666666666666,66.66666666666666
10,7,-3,-0.42857142857142855,-42.857142857142854
55,45,-10,-0.2222222222222222,-22.22222222222222
55,21,-34,-1.619047619047619,-161.9047619047619
55,26,-29,-1.1153846153846154,-111.53846153846155
11,10,-1,-0.1,-10.0
20,14,-6,-0.42857142857142855,-42.857142857142854
146,154,8,0.05194805194805195,5.194805194805195
146,119,-27,-0.226890756302521,-22.689075630252102
6,19,13,0.6842105263157895,68.42105263157895
21,8,-13,-1.625,-162.5
35,20,-15,-0.75,-75.0
6,7,1,0.14285714285714285,14.285714285714285
6,16,10,0.625,62.5
6,3,-3,-1.0,-100.0
85,33,-52,-1.5757575757575757,-157.57575757575756
20,4,-16,-4.0,-400.0
260,66,-194,-2.9393939393939394,-293.93939393939394
260,88,-172,-1.9545454545454546,-195.45454545454547
6,21,15,0.7142857142857143,71.42857142857143
6,49,43,0.8775510204081632,87.75510204081633
14,10,-4,-0.4,-40.0
59,9,-50,-5.555555555555555,-555.5555555555555
25,1,-24,-24.0,-2400.0
110,37,-73,-1.972972972972973,-197.2972972972973
26,46,20,0.43478260869565216,43.47826086956522
249,272,23,0.08455882352941177,8.455882352941178
79,89,10,0.11235955056179775,11.235955056179774
6,12,6,0.5,50.0
104,193,89,0.46113989637305697,46.1139896373057
30,121,91,0.7520661157024794,75.20661157024794
37,1038,1001,0.964354527938343,96.4354527938343
253,441,188,0.42630385487528344,42.63038548752834
253,699,446,0.6380543633762518,63.805436337625174
50,268,218,0.8134328358208955,81.34328358208955
6,52,46,0.8846153846153846,88.46153846153845
91,178,87,0.4887640449438202,48.87640449438202
91,120,29,0.24166666666666667,24.166666666666668
6,63,57,0.9047619047619048,90.47619047619048
6,59,53,0.8983050847457628,89.83050847457628
38,242,204,0.8429752066115702,84.29752066115702
38,246,208,0.8455284552845529,84.5528455284553
20,218,198,0.908256880733945,90.82568807339449
28,49,21,0.42857142857142855,42.857142857142854
154,375,221,0.5893333333333334,58.93333333333334
153,255,102,0.4,40.0
7,11,4,0.36363636363636365,36.36363636363637
30,205,175,0.8536585365853658,85.36585365853658
22,66,44,0.6666666666666666,66.66666666666666
13,10,-3,-0.3,-30.0
15,3,-12,-4.0,-400.0
15,10,-5,-0.5,-50.0
71,13,-58,-4.461538461538462,-446.1538461538462
9,5,-4,-0.8,-80.0
105,26,-79,-3.0384615384615383,-303.8461538461538
32,4,-28,-7.0,-700.0
106,32,-74,-2.3125,-231.25
6,20,14,0.7,70.0
31,76,45,0.5921052631578947,59.210526315789465
45,29,-16,-0.5517241379310345,-55.172413793103445
6,36,30,0.8333333333333334,83.33333333333334
67,64,-3,-0.046875,-4.6875
44,21,-23,-1.0952380952380953,-109.52380952380953
138,403,265,0.6575682382133995,65.75682382133995
22,8,-14,-1.75,-175.0
6,5,-1,-0.2,-20.0
140,52,-88,-1.6923076923076923,-169.23076923076923
6,2,-4,-2.0,-200.0
124,84,-40,-0.47619047619047616,-47.61904761904761
60,56,-4,-0.07142857142857142,-7.142857142857142
27,20,-7,-0.35,-35.0
106,121,15,0.12396694214876033,12.396694214876034
44,26,-18,-0.6923076923076923,-69.23076923076923
11,69,58,0.8405797101449275,84.05797101449275
167,350,183,0.5228571428571429,52.28571428571429
37,35,-2,-0.05714285714285714,-5.714285714285714
19,17,-2,-0.11764705882352941,-11.76470588235294
192,160,-32,-0.2,-20.0
33,11,-22,-2.0,-200.0
6,52,46,0.8846153846153846,88.46153846153845
74,265,191,0.720754716981132,72.0754716981132
24,19,-5,-0.2631578947368421,-26.31578947368421
30,8,-22,-2.75,-275.0
122,66,-56,-0.8484848484848485,-84.84848484848484
60,63,3,0.047619047619047616,4.761904761904762
28,12,-16,-1.3333333333333333,-133.33333333333331
71,33,-38,-1.1515151515151516,-115.15151515151516
76,23,-53,-2.3043478260869565,-230.43478260869566
16,86,70,0.813953488372093,81.3953488372093
175,362,187,0.5165745856353591,51.657458563535904
71,52,-19,-0.36538461538461536,-36.53846153846153
16,96,80,0.8333333333333334,83.33333333333334
174,296,122,0.41216216216216217,41.21621621621622
92,98,6,0.061224489795918366,6.122448979591836
14,6,-8,-1.3333333333333333,-133.33333333333331
188,48,-140,-2.9166666666666665,-291.66666666666663
103,78,-25,-0.32051282051282054,-32.05128205128205
14,18,4,0.2222222222222222,22.22222222222222
188,58,-130,-2.2413793103448274,-224.13793103448273
103,93,-10,-0.10752688172043011,-10.75268817204301
22,47,25,0.5319148936170213,53.191489361702125
129,213,84,0.39436619718309857,39.436619718309856
129,79,-50,-0.6329113924050633,-63.29113924050633
12,2,-10,-5.0,-500.0
24,7,-17,-2.4285714285714284,-242.85714285714283
73,30,-43,-1.4333333333333333,-143.33333333333334
74,16,-58,-3.625,-362.5
10,9,-1,-0.1111111111111111,-11.11111111111111
25,50,25,0.5,50.0
195,459,264,0.5751633986928104,57.51633986928104
195,159,-36,-0.22641509433962265,-22.641509433962266
14,8,-6,-0.75,-75.0
25,11,-14,-1.2727272727272727,-127.27272727272727
121,51,-70,-1.3725490196078431,-137.2549019607843
121,74,-47,-0.6351351351351351,-63.51351351351351
45,22,-23,-1.0454545454545454,-104.54545454545455
28,146,118,0.8082191780821918,80.82191780821918
211,729,518,0.710562414266118,71.0562414266118
212,160,-52,-0.325,-32.5
56,99,43,0.43434343434343436,43.43434343434344
22,107,85,0.794392523364486,79.43925233644859
93,567,474,0.8359788359788359,83.5978835978836
93,372,279,0.75,75.0
17,75,58,0.7733333333333333,77.33333333333333
6,2,-4,-2.0,-200.0
209,177,-32,-0.1807909604519774,-18.07909604519774
208,105,-103,-0.9809523809523809,-98.09523809523809
6,34,28,0.8235294117647058,82.35294117647058
6,344,338,0.9825581395348837,98.25581395348837
223,1196,973,0.8135451505016722,81.35451505016722
222,613,391,0.6378466557911908,63.78466557911908
79,242,163,0.6735537190082644,67.35537190082644
6,25,19,0.76,76.0
79,506,427,0.8438735177865613,84.38735177865613
79,168,89,0.5297619047619048,52.976190476190474
79,79,0,0.0,0.0
6,24,18,0.75,75.0
6,32,26,0.8125,81.25
93,225,132,0.5866666666666667,58.666666666666664
93,181,88,0.4861878453038674,48.61878453038674
93,200,107,0.535,53.5
27,110,83,0.7545454545454545,75.45454545454545
9,8,-1,-0.125,-12.5
165,159,-6,-0.03773584905660377,-3.7735849056603774
165,197,32,0.16243654822335024,16.243654822335024
166,172,6,0.03488372093023256,3.488372093023256
77,94,17,0.18085106382978725,18.085106382978726
7,6,-1,-0.16666666666666666,-16.666666666666664
75,42,-33,-0.7857142857142857,-78.57142857142857
75,16,-59,-3.6875,-368.75
75,6,-69,-11.5,-1150.0
75,14,-61,-4.357142857142857,-435.71428571428567
6,91,85,0.9340659340659341,93.4065934065934
106,429,323,0.752913752913753,75.29137529137529
16,12,-4,-0.3333333333333333,-33.33333333333333
11,2,-9,-4.5,-450.0
61,16,-45,-2.8125,-281.25
61,10,-51,-5.1,-509.99999999999994
54,24,-30,-1.25,-125.0
22,16,-6,-0.375,-37.5
20,8,-12,-1.5,-150.0
24,2,-22,-11.0,-1100.0
61,115,54,0.46956521739130436,46.95652173913044
6,37,31,0.8378378378378378,83.78378378378379
38,125,87,0.696,69.6
8,9,1,0.1111111111111111,11.11111111111111
69,56,-13,-0.23214285714285715,-23.214285714285715
6,16,10,0.625,62.5
190,128,-62,-0.484375,-48.4375
6,11,5,0.45454545454545453,45.45454545454545
6,54,48,0.8888888888888888,88.88888888888889
173,315,142,0.4507936507936508,45.07936507936508
6,12,6,0.5,50.0
6,14,8,0.5714285714285714,57.14285714285714
175,57,-118,-2.0701754385964914,-207.01754385964915
6,7,1,0.14285714285714285,14.285714285714285
6,21,15,0.7142857142857143,71.42857142857143
198,98,-100,-1.0204081632653061,-102.04081632653062
6,20,14,0.7,70.0
7,14,7,0.5,50.0
98,150,52,0.3466666666666667,34.66666666666667
6,22,16,0.7272727272727273,72.72727272727273
21,35,14,0.4,40.0
224,372,148,0.3978494623655914,39.784946236559136
20,21,1,0.047619047619047616,4.761904761904762
34,32,-2,-0.0625,-6.25
142,101,-41,-0.40594059405940597,-40.5940594059406
44,41,-3,-0.07317073170731707,-7.317073170731707
55,80,25,0.3125,31.25
200,714,514,0.7198879551820728,71.98879551820728
103,301,198,0.6578073089700996,65.78073089700996
6,95,89,0.9368421052631579,93.6842105263158
107,1765,1658,0.9393767705382436,93.93767705382436
39,603,564,0.9353233830845771,93.53233830845771
101,10,-91,-9.1,-910.0
93,61,-32,-0.5245901639344263,-52.459016393442624
8,50,42,0.84,84.0
115,472,357,0.7563559322033898,75.63559322033898
95,490,395,0.8061224489795918,80.61224489795919
24,90,66,0.7333333333333333,73.33333333333333
207,720,513,0.7125,71.25
120,600,480,0.8,80.0
6,1360,1354,0.9955882352941177,99.55882352941177
6,2031,2025,0.9970457902511078,99.70457902511079
6,71,65,0.9154929577464789,91.54929577464789
6,610,604,0.9901639344262295,99.01639344262296
96,3126,3030,0.9692898272552783,96.92898272552783
96,1536,1440,0.9375,93.75
6,86,80,0.9302325581395349,93.02325581395348
6,40,34,0.85,85.0
144,227,83,0.3656387665198238,36.56387665198238
144,177,33,0.1864406779661017,18.64406779661017
6,34,28,0.8235294117647058,82.35294117647058
22,28,6,0.21428571428571427,21.428571428571427
197,165,-32,-0.19393939393939394,-19.393939393939394
198,212,14,0.0660377358490566,6.60377358490566
70,43,-27,-0.627906976744186,-62.7906976744186
6,14,8,0.5714285714285714,57.14285714285714
86,200,114,0.57,56.99999999999999
86,71,-15,-0.2112676056338028,-21.12676056338028
7,37,30,0.8108108108108109,81.08108108108108
18,6,-12,-2.0,-200.0
144,36,-108,-3.0,-300.0
144,16,-128,-8.0,-800.0
66,3,-63,-21.0,-2100.0
24,26,2,0.07692307692307693,7.6923076923076925
146,199,53,0.2663316582914573,26.633165829145728
146,294,148,0.5034013605442177,50.34013605442177
51,235,184,0.7829787234042553,78.29787234042553
6,1,-5,-5.0,-500.0
94,91,-3,-0.03296703296703297,-3.296703296703297
94,117,23,0.19658119658119658,19.65811965811966
33,140,107,0.7642857142857142,76.42857142857142
29,49,20,0.40816326530612246,40.816326530612244
257,831,574,0.690734055354994,69.0734055354994
257,895,638,0.7128491620111732,71.28491620111733
80,289,209,0.7231833910034602,72.31833910034602
30,26,-4,-0.15384615384615385,-15.384615384615385
158,235,77,0.3276595744680851,32.76595744680851
158,204,46,0.22549019607843138,22.54901960784314
80,144,64,0.4444444444444444,44.44444444444444
6,290,284,0.9793103448275862,97.93103448275862
267,3009,2742,0.9112662013958126,91.12662013958126
267,2100,1833,0.8728571428571429,87.28571428571429
24,884,860,0.9728506787330317,97.28506787330316
18,6,-12,-2.0,-200.0
144,34,-110,-3.235294117647059,-323.5294117647059
144,22,-122,-5.545454545454546,-554.5454545454546
70,8,-62,-7.75,-775.0
6,33,27,0.8181818181818182,81.81818181818183
6,2,-4,-2.0,-200.0
6,12,6,0.5,50.0
6,12,6,0.5,50.0
30,10,-20,-2.0,-200.0
18,13,-5,-0.38461538461538464,-38.46153846153847
21,1,-20,-20.0,-2000.0
21,7,-14,-2.0,-200.0
6,12,6,0.5,50.0
14,13,-1,-0.07692307692307693,-7.6923076923076925
16,6,-10,-1.6666666666666667,-166.66666666666669
32,10,-22,-2.2,-220.00000000000003
12,4,-8,-2.0,-200.0
36,7,-29,-4.142857142857143,-414.28571428571433
15,19,4,0.21052631578947367,21.052631578947366
37,23,-14,-0.6086956521739131,-60.86956521739131
6,20,14,0.7,70.0
6,10,4,0.4,40.0
36,6,-30,-5.0,-500.0
17,2,-15,-7.5,-750.0
47,22,-25,-1.1363636363636365,-113.63636363636364
16,60,44,0.7333333333333333,73.33333333333333
46,28,-18,-0.6428571428571429,-64.28571428571429
10,3,-7,-2.3333333333333335,-233.33333333333334
53,17,-36,-2.1176470588235294,-211.76470588235296
95,93,-2,-0.021505376344086023,-2.1505376344086025
6,10,4,0.4,40.0
9,41,32,0.7804878048780488,78.04878048780488
6,120,114,0.95,95.0
6,136,130,0.9558823529411765,95.58823529411765
6,20,14,0.7,70.0
17,3,-14,-4.666666666666667,-466.6666666666667
89,9,-80,-8.88888888888889,-888.8888888888889
60,6,-54,-9.0,-900.0
69,52,-17,-0.3269230769230769,-32.69230769230769
6,44,38,0.8636363636363636,86.36363636363636
80,225,145,0.6444444444444445,64.44444444444444
18,19,1,0.05263157894736842,5.263157894736842
76,93,17,0.1827956989247312,18.27956989247312
6,15,9,0.6,60.0
80,49,-31,-0.6326530612244898,-63.26530612244898
6,8,2,0.25,25.0
15,5,-10,-2.0,-200.0
151,40,-111,-2.775,-277.5
13,4,-9,-2.25,-225.0
6,18,12,0.6666666666666666,66.66666666666666
93,116,23,0.19827586206896552,19.82758620689655
6,15,9,0.6,60.0
6,26,20,0.7692307692307693,76.92307692307693
24,280,256,0.9142857142857143,91.42857142857143
230,1402,1172,0.8359486447931527,83.59486447931526
17,6,-11,-1.8333333333333333,-183.33333333333331
6,42,36,0.8571428571428571,85.71428571428571
6,24,18,0.75,75.0
21,37,16,0.43243243243243246,43.24324324324324
20,22,2,0.09090909090909091,9.090909090909092
6,21,15,0.7142857142857143,71.42857142857143
6,184,178,0.967391304347826,96.73913043478261
6,65,59,0.9076923076923077,90.76923076923077
6,174,168,0.9655172413793104,96.55172413793103
6,33,27,0.8181818181818182,81.81818181818183
6,142,136,0.9577464788732394,95.77464788732394
11,6,-5,-0.8333333333333334,-83.33333333333334
11,13,2,0.15384615384615385,15.384615384615385
11,2,-9,-4.5,-450.0
26,12,-14,-1.1666666666666667,-116.66666666666667
6,8,2,0.25,25.0
6,30,24,0.8,80.0
6,21,15,0.7142857142857143,71.42857142857143
6,28,22,0.7857142857142857,78.57142857142857
6,8,2,0.25,25.0
14,19,5,0.2631578947368421,26.31578947368421
6,3,-3,-1.0,-100.0
6,23,17,0.7391304347826086,73.91304347826086
10,30,20,0.6666666666666666,66.66666666666666
79,69,-10,-0.14492753623188406,-14.492753623188406
6,14,8,0.5714285714285714,57.14285714285714
27,10,-17,-1.7,-170.0
25,21,-4,-0.19047619047619047,-19.047619047619047
68,181,113,0.6243093922651933,62.430939226519335
19,47,28,0.5957446808510638,59.57446808510638
119,247,128,0.5182186234817814,51.821862348178136
6,14,8,0.5714285714285714,57.14285714285714
33,176,143,0.8125,81.25
23,4,-19,-4.75,-475.0
78,58,-20,-0.3448275862068966,-34.48275862068966
59,15,-44,-2.933333333333333,-293.3333333333333
129,102,-27,-0.2647058823529412,-26.47058823529412
17,6,-11,-1.8333333333333333,-183.33333333333331
115,172,57,0.3313953488372093,33.13953488372093
107,109,2,0.01834862385321101,1.834862385321101
109,256,147,0.57421875,57.421875
31,27,-4,-0.14814814814814814,-14.814814814814813
6,10,4,0.4,40.0
52,83,31,0.37349397590361444,37.34939759036144
8,10,2,0.2,20.0
89,20,-69,-3.45,-345.0
37,21,-16,-0.7619047619047619,-76.19047619047619
6,126,120,0.9523809523809523,95.23809523809523
101,1436,1335,0.9296657381615598,92.96657381615599
89,617,528,0.8557536466774717,85.57536466774717
60,18,-42,-2.3333333333333335,-233.33333333333334
60,2,-58,-29.0,-2900.0
57,5,-52,-10.4,-1040.0
30,14,-16,-1.1428571428571428,-114.28571428571428
175,102,-73,-0.7156862745098039,-71.56862745098039
175,64,-111,-1.734375,-173.4375
175,44,-131,-2.977272727272727,-297.7272727272727
46,11,-35,-3.1818181818181817,-318.1818181818182
6,2,-4,-2.0,-200.0
53,8,-45,-5.625,-562.5
53,28,-25,-0.8928571428571429,-89.28571428571429
53,39,-14,-0.358974358974359,-35.8974358974359
53,31,-22,-0.7096774193548387,-70.96774193548387
53,2,-51,-25.5,-2550.0
6,6,0,0.0,0.0
62,9,-53,-5.888888888888889,-588.8888888888889
63,27,-36,-1.3333333333333333,-133.33333333333331
6,64,58,0.90625,90.625
10,20,10,0.5,50.0
17,5,-12,-2.4,-240.0
17,5,-12,-2.4,-240.0
19,10,-9,-0.9,-90.0
6,4,-2,-0.5,-50.0
6,22,16,0.7272727272727273,72.72727272727273
6,2,-4,-2.0,-200.0
17,1,-16,-16.0,-1600.0
18,3,-15,-5.0,-500.0
37,4,-33,-8.25,-825.0
6,26,20,0.7692307692307693,76.92307692307693
8,103,95,0.9223300970873787,92.23300970873787
6,13,7,0.5384615384615384,53.84615384615385
10,32,22,0.6875,68.75
6,5,-1,-0.2,-20.0
10,31,21,0.6774193548387096,67.74193548387096
30,4,-26,-6.5,-650.0
77,32,-45,-1.40625,-140.625
17,8,-9,-1.125,-112.5
6,8,2,0.25,25.0
80,29,-51,-1.7586206896551724,-175.86206896551724
6,5,-1,-0.2,-20.0
6,4,-2,-0.5,-50.0
87,21,-66,-3.142857142857143,-314.2857142857143
6,4,-2,-0.5,-50.0
13,2,-11,-5.5,-550.0
94,6,-88,-14.666666666666666,-1466.6666666666665
42,1,-41,-41.0,-4100.0
88,4,-84,-21.0,-2100.0
6,1,-5,-5.0,-500.0
37,11,-26,-2.3636363636363638,-236.36363636363637
117,245,128,0.5224489795918368,52.244897959183675
79,47,-32,-0.6808510638297872,-68.08510638297872
60,29,-31,-1.0689655172413792,-106.89655172413792
63,9,-54,-6.0,-600.0
21,56,35,0.625,62.5
126,124,-2,-0.016129032258064516,-1.6129032258064515
101,107,6,0.056074766355140186,5.607476635514018
33,35,2,0.05714285714285714,5.714285714285714
139,253,114,0.4505928853754941,45.059288537549406
130,364,234,0.6428571428571429,64.28571428571429
33,42,9,0.21428571428571427,21.428571428571427
139,303,164,0.5412541254125413,54.12541254125413
130,295,165,0.559322033898305,55.932203389830505
17,4,-13,-3.25,-325.0
140,26,-114,-4.384615384615385,-438.4615384615385
140,23,-117,-5.086956521739131,-508.69565217391306
19,1,-18,-18.0,-1800.0
6,1,-5,-5.0,-500.0
178,2,-176,-88.0,-8800.0
178,1,-177,-177.0,-17700.0
6,1,-5,-5.0,-500.0
176,5,-171,-34.2,-3420.0000000000005
176,2,-174,-87.0,-8700.0
6,2,-4,-2.0,-200.0
176,2,-174,-87.0,-8700.0
176,1,-175,-175.0,-17500.0
6,1,-5,-5.0,-500.0
60,1,-59,-59.0,-5900.0
60,1,-59,-59.0,-5900.0
15,5,-10,-2.0,-200.0
6,3,-3,-1.0,-100.0
70,2,-68,-34.0,-3400.0
70,3,-67,-22.333333333333332,-2233.333333333333
25,6,-19,-3.1666666666666665,-316.66666666666663
20,14,-6,-0.42857142857142855,-42.857142857142854
91,24,-67,-2.7916666666666665,-279.16666666666663
91,25,-66,-2.64,-264.0
80,4,-76,-19.0,-1900.0
6,16,10,0.625,62.5
75,67,-8,-0.11940298507462686,-11.940298507462686
75,70,-5,-0.07142857142857142,-7.142857142857142
74,30,-44,-1.4666666666666666,-146.66666666666666
6,12,6,0.5,50.0
6,15,9,0.6,60.0
6,14,8,0.5714285714285714,57.14285714285714
6,2,-4,-2.0,-200.0
6,7,1,0.14285714285714285,14.285714285714285
6,11,5,0.45454545454545453,45.45454545454545
6,39,33,0.8461538461538461,84.61538461538461
47,8,-39,-4.875,-487.5
6,3,-3,-1.0,-100.0
6,14,8,0.5714285714285714,57.14285714285714
84,490,406,0.8285714285714286,82.85714285714286
6,50,44,0.88,88.0
6,5,-1,-0.2,-20.0
22,24,2,0.08333333333333333,8.333333333333332
6,4,-2,-0.5,-50.0
6,23,17,0.7391304347826086,73.91304347826086
97,84,-13,-0.15476190476190477,-15.476190476190476
6,4,-2,-0.5,-50.0
89,19,-70,-3.6842105263157894,-368.42105263157896
6,268,262,0.9776119402985075,97.76119402985076
6,31,25,0.8064516129032258,80.64516129032258
6,54,48,0.8888888888888888,88.88888888888889
6,3,-3,-1.0,-100.0
6,1,-5,-5.0,-500.0
6,5,-1,-0.2,-20.0
6,10,4,0.4,40.0
6,8,2,0.25,25.0
6,26,20,0.7692307692307693,76.92307692307693
43,14,-29,-2.0714285714285716,-207.14285714285717
239,221,-18,-0.08144796380090498,-8.144796380090497
240,166,-74,-0.4457831325301205,-44.57831325301205
106,66,-40,-0.6060606060606061,-60.60606060606061
43,31,-12,-0.3870967741935484,-38.70967741935484
239,275,36,0.13090909090909092,13.090909090909092
240,229,-11,-0.048034934497816595,-4.8034934497816595
6,1,-5,-5.0,-500.0
6,4,-2,-0.5,-50.0
6,26,20,0.7692307692307693,76.92307692307693
6,9,3,0.3333333333333333,33.33333333333333
6,20,14,0.7,70.0
6,6,0,0.0,0.0
6,3,-3,-1.0,-100.0
6,4,-2,-0.5,-50.0
6,10,4,0.4,40.0
17,1,-16,-16.0,-1600.0
60,48,-12,-0.25,-25.0
17,16,-1,-0.0625,-6.25
64,88,24,0.2727272727272727,27.27272727272727
15,28,13,0.4642857142857143,46.42857142857143
96,139,43,0.30935251798561153,30.935251798561154
24,3,-21,-7.0,-700.0
230,65,-165,-2.5384615384615383,-253.84615384615384
40,41,1,0.024390243902439025,2.4390243902439024
55,25,-30,-1.2,-120.0
44,8,-36,-4.5,-450.0
104,34,-70,-2.0588235294117645,-205.88235294117646
47,1,-46,-46.0,-4600.0
118,91,-27,-0.2967032967032967,-29.67032967032967
79,100,21,0.21,21.0
28,16,-12,-0.75,-75.0
244,27,-217,-8.037037037037036,-803.7037037037036
46,10,-36,-3.6,-360.0
34,2,-32,-16.0,-1600.0
198,117,-81,-0.6923076923076923,-69.23076923076923
107,150,43,0.2866666666666667,28.666666666666668
45,1,-44,-44.0,-4400.0
167,45,-122,-2.7111111111111112,-271.11111111111114
16,15,-1,-0.06666666666666667,-6.666666666666667
6,423,417,0.9858156028368794,98.58156028368793
6,80,74,0.925,92.5
6,6,0,0.0,0.0
6,82,76,0.926829268292683,92.6829268292683
6,16,10,0.625,62.5
189,128,-61,-0.4765625,-47.65625
19,5,-14,-2.8,-280.0
8,1,-7,-7.0,-700.0
20,13,-7,-0.5384615384615384,-53.84615384615385
16,22,6,0.2727272727272727,27.27272727272727
6,6,0,0.0,0.0
6,4,-2,-0.5,-50.0
6,5,-1,-0.2,-20.0
6,94,88,0.9361702127659575,93.61702127659575
35,118,83,0.7033898305084746,70.33898305084746
82,402,320,0.7960199004975125,79.60199004975125
6,22,16,0.7272727272727273,72.72727272727273
41,6,-35,-5.833333333333333,-583.3333333333333
45,18,-27,-1.5,-150.0
49,4,-45,-11.25,-1125.0
18,23,5,0.21739130434782608,21.73913043478261
15,5,-10,-2.0,-200.0
16,26,10,0.38461538461538464,38.46153846153847
6,11,5,0.45454545454545453,45.45454545454545
6,89,83,0.9325842696629213,93.25842696629213
147,197,50,0.25380710659898476,25.380710659898476
25,12,-13,-1.0833333333333333,-108.33333333333333
19,12,-7,-0.5833333333333334,-58.333333333333336
16,5,-11,-2.2,-220.00000000000003
7,62,55,0.8870967741935484,88.70967741935483
6,2,-4,-2.0,-200.0
6,24,18,0.75,75.0
6,104,98,0.9423076923076923,94.23076923076923
6,6,0,0.0,0.0
9,12,3,0.25,25.0
6,2,-4,-2.0,-200.0
100,17,-83,-4.882352941176471,-488.2352941176471
100,19,-81,-4.2631578947368425,-426.3157894736843
6,2,-4,-2.0,-200.0
6,2,-4,-2.0,-200.0
6,2,-4,-2.0,-200.0
13,3,-10,-3.3333333333333335,-333.33333333333337
22,9,-13,-1.4444444444444444,-144.44444444444443
6,101,95,0.9405940594059405,94.05940594059405
6,39,33,0.8461538461538461,84.61538461538461
6,11,5,0.45454545454545453,45.45454545454545
9,12,3,0.25,25.0
9,2,-7,-3.5,-350.0
39,549,510,0.9289617486338798,92.89617486338798
12,2,-10,-5.0,-500.0
10,2,-8,-4.0,-400.0
6,2,-4,-2.0,-200.0
6,2,-4,-2.0,-200.0
18,2,-16,-8.0,-800.0
9,2,-7,-3.5,-350.0
6,2,-4,-2.0,-200.0
6,2,-4,-2.0,-200.0
6,2,-4,-2.0,-200.0
6,4,-2,-0.5,-50.0
6,8,2,0.25,25.0
6,1,-5,-5.0,-500.0
6,2,-4,-2.0,-200.0
152,12,-140,-11.666666666666666,-1166.6666666666665
17,23,6,0.2608695652173913,26.08695652173913
9,1,-8,-8.0,-800.0
33,16,-17,-1.0625,-106.25
13,5,-8,-1.6,-160.0
11,17,6,0.35294117647058826,35.294117647058826
39,1,-38,-38.0,-3800.0
36,21,-15,-0.7142857142857143,-71.42857142857143
13,1,-12,-12.0,-1200.0
14,230,216,0.9391304347826087,93.91304347826087
58,37,-21,-0.5675675675675675,-56.75675675675676
69,1059,990,0.9348441926345609,93.48441926345609
23,200,177,0.885,88.5
23,200,177,0.885,88.5
40,4,-36,-9.0,-900.0
60,107,47,0.4392523364485981,43.925233644859816
40,1,-39,-39.0,-3900.0
60,109,49,0.44954128440366975,44.95412844036697
31,29,-2,-0.06896551724137931,-6.896551724137931
53,136,83,0.6102941176470589,61.029411764705884
31,21,-10,-0.47619047619047616,-47.61904761904761
53,132,79,0.5984848484848485,59.84848484848485
19,40,21,0.525,52.5
36,15,-21,-1.4,-140.0
6,5,-1,-0.2,-20.0
6,13,7,0.5384615384615384,53.84615384615385
38,46,8,0.17391304347826086,17.391304347826086
62,15,-47,-3.1333333333333333,-313.3333333333333
19,119,100,0.8403361344537815,84.03361344537815
42,31,-11,-0.3548387096774194,-35.483870967741936
6,10,4,0.4,40.0
6,15,9,0.6,60.0
6,29,23,0.7931034482758621,79.3103448275862
6,17,11,0.6470588235294118,64.70588235294117
20,9,-11,-1.2222222222222223,-122.22222222222223
28,16,-12,-0.75,-75.0
19,7,-12,-1.7142857142857142,-171.42857142857142
41,18,-23,-1.2777777777777777,-127.77777777777777
20,10,-10,-1.0,-100.0
32,15,-17,-1.1333333333333333,-113.33333333333333
46,57,11,0.19298245614035087,19.298245614035086
93,122,29,0.23770491803278687,23.770491803278688
32,1,-31,-31.0,-3100.0
80,24,-56,-2.3333333333333335,-233.33333333333334
7,14,7,0.5,50.0
78,44,-34,-0.7727272727272727,-77.27272727272727
26,7,-19,-2.7142857142857144,-271.42857142857144
78,77,-1,-0.012987012987012988,-1.2987012987012987
77,16,-61,-3.8125,-381.25
38,35,-3,-0.08571428571428572,-8.571428571428571
112,100,-12,-0.12,-12.0
28,4,-24,-6.0,-600.0
109,31,-78,-2.5161290322580645,-251.61290322580646
7,14,7,0.5,50.0
98,41,-57,-1.3902439024390243,-139.02439024390242
7,3,-4,-1.3333333333333333,-133.33333333333331
60,27,-33,-1.2222222222222223,-122.22222222222223
12,32,20,0.625,62.5
111,183,72,0.39344262295081966,39.34426229508197
30,2,-28,-14.0,-1400.0
102,39,-63,-1.6153846153846154,-161.53846153846155
98,40,-58,-1.45,-145.0
104,22,-82,-3.727272727272727,-372.7272727272727
38,1,-37,-37.0,-3700.0
102,29,-73,-2.5172413793103448,-251.72413793103448
34,6,-28,-4.666666666666667,-466.6666666666667
117,177,60,0.3389830508474576,33.89830508474576
7,20,13,0.65,65.0
65,144,79,0.5486111111111112,54.861111111111114
130,74,-56,-0.7567567567567568,-75.67567567567568
103,17,-86,-5.0588235294117645,-505.88235294117646
34,132,98,0.7424242424242424,74.24242424242425
172,558,386,0.6917562724014337,69.17562724014337
30,10,-20,-2.0,-200.0
56,187,131,0.7005347593582888,70.05347593582889
24,20,-4,-0.2,-20.0
17,2,-15,-7.5,-750.0
104,114,10,0.08771929824561403,8.771929824561402
27,59,32,0.5423728813559322,54.23728813559322
37,4,-33,-8.25,-825.0
163,291,128,0.43986254295532645,43.986254295532646
54,55,1,0.01818181818181818,1.8181818181818181
38,20,-18,-0.9,-90.0
70,104,34,0.3269230769230769,32.69230769230769
54,130,76,0.5846153846153846,58.46153846153847
45,11,-34,-3.090909090909091,-309.09090909090907
45,34,-11,-0.3235294117647059,-32.35294117647059
61,10,-51,-5.1,-509.99999999999994
25,7,-18,-2.5714285714285716,-257.14285714285717
144,544,400,0.7352941176470589,73.52941176470588
2157,2001,-156,-0.07796101949025487,-7.796101949025487
191,736,545,0.7404891304347826,74.04891304347827
41,2,-39,-19.5,-1950.0
134,171,37,0.21637426900584794,21.637426900584796
92,127,35,0.2755905511811024,27.559055118110237
31,13,-18,-1.3846153846153846,-138.46153846153845
81,29,-52,-1.793103448275862,-179.31034482758622
84,79,-5,-0.06329113924050633,-6.329113924050633
39,16,-23,-1.4375,-143.75
117,93,-24,-0.25806451612903225,-25.806451612903224
91,110,19,0.17272727272727273,17.272727272727273
32,8,-24,-3.0,-300.0
180,155,-25,-0.16129032258064516,-16.129032258064516
93,104,11,0.10576923076923077,10.576923076923077
81,8,-73,-9.125,-912.5
85,42,-43,-1.0238095238095237,-102.38095238095238
13,7,-6,-0.8571428571428571,-85.71428571428571
72,29,-43,-1.4827586206896552,-148.27586206896552
75,52,-23,-0.4423076923076923,-44.230769230769226
86,15,-71,-4.733333333333333,-473.3333333333333
404,407,3,0.007371007371007371,0.7371007371007371
139,2169,2030,0.9359151682803135,93.59151682803135
16,4,-12,-3.0,-300.0
14,12,-2,-0.16666666666666666,-16.666666666666664
12,2,-10,-5.0,-500.0
10,6,-4,-0.6666666666666666,-66.66666666666666
6,6,0,0.0,0.0
6,19,13,0.6842105263157895,68.42105263157895
6,21,15,0.7142857142857143,71.42857142857143
89,71,-18,-0.2535211267605634,-25.352112676056336
15,1,-14,-14.0,-1400.0
92,42,-50,-1.1904761904761905,-119.04761904761905
11,2,-9,-4.5,-450.0
84,99,15,0.15151515151515152,15.151515151515152
78,184,106,0.5760869565217391,57.608695652173914
17,27,10,0.37037037037037035,37.03703703703704
194,249,55,0.22088353413654618,22.08835341365462
10,88,78,0.8863636363636364,88.63636363636364
28,16,-12,-0.75,-75.0
190,165,-25,-0.15151515151515152,-15.151515151515152
85,111,26,0.23423423423423423,23.423423423423422
87,65,-22,-0.3384615384615385,-33.84615384615385
76,53,-23,-0.4339622641509434,-43.39622641509434
30,23,-7,-0.30434782608695654,-30.434782608695656
236,211,-25,-0.11848341232227488,-11.848341232227488
107,199,92,0.4623115577889447,46.231155778894475
39,42,3,0.07142857142857142,7.142857142857142
296,404,108,0.26732673267326734,26.732673267326735
108,689,581,0.8432510885341074,84.32510885341074
33,5,-28,-5.6,-560.0
199,138,-61,-0.4420289855072464,-44.20289855072464
136,21,-115,-5.476190476190476,-547.6190476190476
38,1,-37,-37.0,-3700.0
141,54,-87,-1.6111111111111112,-161.11111111111111
86,105,19,0.18095238095238095,18.095238095238095
32,116,84,0.7241379310344828,72.41379310344827
246,354,108,0.3050847457627119,30.508474576271187
163,683,520,0.7613469985358712,76.13469985358712
35,38,3,0.07894736842105263,7.894736842105263
248,399,151,0.37844611528822053,37.84461152882205
248,251,3,0.01195219123505976,1.1952191235059761
20,220,200,0.9090909090909091,90.9090909090909
84,17,-67,-3.9411764705882355,-394.11764705882354
84,28,-56,-2.0,-200.0
20,34,14,0.4117647058823529,41.17647058823529
40,17,-23,-1.3529411764705883,-135.29411764705884
11,14,3,0.21428571428571427,21.428571428571427
35,665,630,0.9473684210526315,94.73684210526315
111,1188,1077,0.9065656565656566,90.65656565656566
16,21,5,0.23809523809523808,23.809523809523807
146,183,37,0.20218579234972678,20.21857923497268
109,401,292,0.7281795511221946,72.81795511221945
35,4,-31,-7.75,-775.0
62,543,481,0.8858195211786372,88.58195211786372
85,257,172,0.669260700389105,66.9260700389105
38,149,111,0.7449664429530202,74.49664429530202
260,671,411,0.6125186289120715,61.25186289120715
261,516,255,0.4941860465116279,49.41860465116279
59,205,146,0.7121951219512195,71.21951219512195
39,20,-19,-0.95,-95.0
141,114,-27,-0.23684210526315788,-23.684210526315788
9,5,-4,-0.8,-80.0
7,8,1,0.125,12.5
16,6,-10,-1.6666666666666667,-166.66666666666669
15,5,-10,-2.0,-200.0
51,56,5,0.08928571428571429,8.928571428571429
58,71,13,0.18309859154929578,18.30985915492958
28,71,43,0.6056338028169014,60.56338028169014
51,220,169,0.7681818181818182,76.81818181818181
32,50,18,0.36,36.0
75,201,126,0.6268656716417911,62.68656716417911
43,4,-39,-9.75,-975.0
115,74,-41,-0.5540540540540541,-55.4054054054054
21,3,-18,-6.0,-600.0
83,47,-36,-0.7659574468085106,-76.59574468085107
21,1,-20,-20.0,-2000.0
83,46,-37,-0.8043478260869565,-80.43478260869566
8,1,-7,-7.0,-700.0
69,21,-48,-2.2857142857142856,-228.57142857142856
14,13,-1,-0.07692307692307693,-7.6923076923076925
58,244,186,0.7622950819672131,76.22950819672131
14,1,-13,-13.0,-1300.0
72,31,-41,-1.3225806451612903,-132.25806451612902
56,23,-33,-1.434782608695652,-143.47826086956522
25,89,64,0.7191011235955056,71.91011235955057
228,323,95,0.29411764705882354,29.411764705882355
177,173,-4,-0.023121387283236993,-2.312138728323699
8,6,-2,-0.3333333333333333,-33.33333333333333
125,72,-53,-0.7361111111111112,-73.61111111111111
91,66,-25,-0.3787878787878788,-37.878787878787875
8,12,4,0.3333333333333333,33.33333333333333
125,84,-41,-0.4880952380952381,-48.80952380952381
91,56,-35,-0.625,-62.5
35,5,-30,-6.0,-600.0
156,144,-12,-0.08333333333333333,-8.333333333333332
105,91,-14,-0.15384615384615385,-15.384615384615385
8,2,-6,-3.0,-300.0
44,36,-8,-0.2222222222222222,-22.22222222222222
44,53,9,0.16981132075471697,16.9811320754717
108,21,-87,-4.142857142857143,-414.28571428571433
89,63,-26,-0.4126984126984127,-41.269841269841265
7,3,-4,-1.3333333333333333,-133.33333333333331
61,73,12,0.1643835616438356,16.43835616438356
61,29,-32,-1.103448275862069,-110.34482758620689
9,4,-5,-1.25,-125.0
23,6,-17,-2.8333333333333335,-283.33333333333337
6,36,30,0.8333333333333334,83.33333333333334
99,190,91,0.4789473684210526,47.89473684210526
99,790,691,0.8746835443037975,87.46835443037975
8,6,-2,-0.3333333333333333,-33.33333333333333
40,51,11,0.21568627450980393,21.568627450980394
41,37,-4,-0.10810810810810811,-10.81081081081081
22,123,101,0.8211382113821138,82.11382113821138
10,1,-9,-9.0,-900.0
64,1,-63,-63.0,-6300.0
9,8,-1,-0.125,-12.5
9,20,11,0.55,55.00000000000001
22,38,16,0.42105263157894735,42.10526315789473
6,28,22,0.7857142857142857,78.57142857142857
15,111,96,0.8648648648648649,86.48648648648648
48,76,28,0.3684210526315789,36.84210526315789
28,4,-24,-6.0,-600.0
83,19,-64,-3.3684210526315788,-336.84210526315786
8,2,-6,-3.0,-300.0
60,89,29,0.3258426966292135,32.58426966292135
17,4,-13,-3.25,-325.0
76,23,-53,-2.3043478260869565,-230.43478260869566
9,10,1,0.1,10.0
43,37,-6,-0.16216216216216217,-16.216216216216218
143,410,267,0.651219512195122,65.1219512195122
99,166,67,0.4036144578313253,40.36144578313253
7,18,11,0.6111111111111112,61.111111111111114
66,181,115,0.6353591160220995,63.53591160220995
47,82,35,0.4268292682926829,42.68292682926829
75,33,-42,-1.2727272727272727,-127.27272727272727
82,37,-45,-1.2162162162162162,-121.62162162162163
6,95,89,0.9368421052631579,93.6842105263158
106,1765,1659,0.939943342776204,93.9943342776204
39,603,564,0.9353233830845771,93.53233830845771
31,36,5,0.1388888888888889,13.88888888888889
63,43,-20,-0.46511627906976744,-46.51162790697674
84,24,-60,-2.5,-250.0
11,22,11,0.5,50.0
69,379,310,0.8179419525065963,81.79419525065963
72,365,293,0.8027397260273973,80.27397260273973
22,2,-20,-10.0,-1000.0
152,64,-88,-1.375,-137.5
104,81,-23,-0.2839506172839506,-28.39506172839506
61,100,39,0.39,39.0
61,100,39,0.39,39.0
61,100,39,0.39,39.0
69,100,31,0.31,31.0
24,90,66,0.7333333333333333,73.33333333333333
209,720,511,0.7097222222222223,70.97222222222223
122,600,478,0.7966666666666666,79.66666666666666
14,8,-6,-0.75,-75.0
144,25,-119,-4.76,-476.0
108,100,-8,-0.08,-8.0
31,18,-13,-0.7222222222222222,-72.22222222222221
65,93,28,0.3010752688172043,30.107526881720432
83,54,-29,-0.5370370370370371,-53.70370370370371
26,33,7,0.21212121212121213,21.21212121212121
151,364,213,0.5851648351648352,58.51648351648352
110,189,79,0.41798941798941797,41.7989417989418
6,1360,1354,0.9955882352941177,99.55882352941177
6,2031,2025,0.9970457902511078,99.70457902511079
6,71,65,0.9154929577464789,91.54929577464789
6,610,604,0.9901639344262295,99.01639344262296
93,3126,3033,0.9702495201535508,97.02495201535508
93,1536,1443,0.939453125,93.9453125
6,86,80,0.9302325581395349,93.02325581395348
42,8,-34,-4.25,-425.0
225,83,-142,-1.7108433734939759,-171.08433734939757
225,47,-178,-3.7872340425531914,-378.72340425531917
102,156,54,0.34615384615384615,34.61538461538461
42,5,-37,-7.4,-740.0
225,128,-97,-0.7578125,-75.78125
225,61,-164,-2.6885245901639343,-268.8524590163934
102,151,49,0.32450331125827814,32.450331125827816
42,16,-26,-1.625,-162.5
225,159,-66,-0.41509433962264153,-41.509433962264154
225,92,-133,-1.4456521739130435,-144.56521739130434
103,86,-17,-0.19767441860465115,-19.767441860465116
42,19,-23,-1.2105263157894737,-121.05263157894737
9,5,-4,-0.8,-80.0
13,53,40,0.7547169811320755,75.47169811320755
20,105,85,0.8095238095238095,80.95238095238095
6,5,-1,-0.2,-20.0
36,176,140,0.7954545454545454,79.54545454545455
12,120,108,0.9,90.0
30,20,-10,-0.5,-50.0
21,45,24,0.5333333333333333,53.333333333333336
12,24,12,0.5,50.0
18,4,-14,-3.5,-350.0
8,8,0,0.0,0.0
13,4,-9,-2.25,-225.0
90,40,-50,-1.25,-125.0
75,31,-44,-1.4193548387096775,-141.93548387096774
6,21,15,0.7142857142857143,71.42857142857143
19,48,29,0.6041666666666666,60.416666666666664
9,8,-1,-0.125,-12.5
70,62,-8,-0.12903225806451613,-12.903225806451612
39,53,14,0.2641509433962264,26.41509433962264
124,389,265,0.6812339331619537,68.12339331619538
25,46,21,0.45652173913043476,45.65217391304348
48,43,-5,-0.11627906976744186,-11.627906976744185
255,488,233,0.4774590163934426,47.74590163934426
39,171,132,0.7719298245614035,77.19298245614034
13,9,-4,-0.4444444444444444,-44.44444444444444
143,45,-98,-2.1777777777777776,-217.77777777777777
83,60,-23,-0.38333333333333336,-38.333333333333336
6,2,-4,-2.0,-200.0
57,10,-47,-4.7,-470.0
49,20,-29,-1.45,-145.0
8,11,3,0.2727272727272727,27.27272727272727
122,78,-44,-0.5641025641025641,-56.41025641025641
80,18,-62,-3.4444444444444446,-344.44444444444446
40,9,-31,-3.4444444444444446,-344.44444444444446
138,51,-87,-1.7058823529411764,-170.58823529411765
107,62,-45,-0.7258064516129032,-72.58064516129032
40,9,-31,-3.4444444444444446,-344.44444444444446
138,56,-82,-1.4642857142857142,-146.42857142857142
107,61,-46,-0.7540983606557377,-75.40983606557377
12,1,-11,-11.0,-1100.0
128,48,-80,-1.6666666666666667,-166.66666666666669
103,33,-70,-2.121212121212121,-212.12121212121212
172,940,768,0.8170212765957446,81.70212765957446
2103,3463,1360,0.39272307248050825,39.27230724805082
6,2,-4,-2.0,-200.0
6,6,0,0.0,0.0
6,1,-5,-5.0,-500.0
8,10,2,0.2,20.0
28,17,-11,-0.6470588235294118,-64.70588235294117
30,136,106,0.7794117647058824,77.94117647058823
21,81,60,0.7407407407407407,74.07407407407408
26,12,-14,-1.1666666666666667,-116.66666666666667
23,199,176,0.8844221105527639,88.44221105527639
90,275,185,0.6727272727272727,67.27272727272727
6,2,-4,-2.0,-200.0
62,14,-48,-3.4285714285714284,-342.85714285714283
6,2,-4,-2.0,-200.0
69,22,-47,-2.1363636363636362,-213.63636363636363
20,2,-18,-9.0,-900.0
77,95,18,0.18947368421052632,18.947368421052634
9,8,-1,-0.125,-12.5
7,52,45,0.8653846153846154,86.53846153846155
103,142,39,0.2746478873239437,27.464788732394368
71,47,-24,-0.5106382978723404,-51.06382978723404
39,36,-3,-0.08333333333333333,-8.333333333333332
135,135,0,0.0,0.0
90,321,231,0.719626168224299,71.96261682242991
7,3,-4,-1.3333333333333333,-133.33333333333331
59,58,-1,-0.017241379310344827,-1.7241379310344827
65,57,-8,-0.14035087719298245,-14.035087719298245
6,3,-3,-1.0,-100.0
31,49,18,0.3673469387755102,36.734693877551024
54,33,-21,-0.6363636363636364,-63.63636363636363
31,41,10,0.24390243902439024,24.390243902439025
67,302,235,0.7781456953642384,77.81456953642383
83,232,149,0.6422413793103449,64.22413793103449
10,25,15,0.6,60.0
38,171,133,0.7777777777777778,77.77777777777779
65,257,192,0.7470817120622568,74.70817120622569
20,32,12,0.375,37.5
144,43,-101,-2.3488372093023258,-234.88372093023258
144,26,-118,-4.538461538461538,-453.8461538461538
12,50,38,0.76,76.0
7,5,-2,-0.4,-40.0
62,50,-12,-0.24,-24.0
62,50,-12,-0.24,-24.0
6,112,106,0.9464285714285714,94.64285714285714
22,17,-5,-0.29411764705882354,-29.411764705882355
55,57,2,0.03508771929824561,3.508771929824561
11,10,-1,-0.1,-10.0
105,129,24,0.18604651162790697,18.6046511627907
53,118,65,0.5508474576271186,55.08474576271186
27,4,-23,-5.75,-575.0
24,1,-23,-23.0,-2300.0
127,40,-87,-2.175,-217.49999999999997
98,31,-67,-2.161290322580645,-216.1290322580645
7,8,1,0.125,12.5
159,69,-90,-1.3043478260869565,-130.43478260869566
91,55,-36,-0.6545454545454545,-65.45454545454545
14,6,-8,-1.3333333333333333,-133.33333333333331
146,155,9,0.05806451612903226,5.806451612903226
19,3,-16,-5.333333333333333,-533.3333333333333
23,4,-19,-4.75,-475.0
27,62,35,0.5645161290322581,56.451612903225815
23,8,-15,-1.875,-187.5
33,118,85,0.7203389830508474,72.03389830508475
44,304,260,0.8552631578947368,85.52631578947368
6,8,2,0.25,25.0
6,18,12,0.6666666666666666,66.66666666666666
10,21,11,0.5238095238095238,52.38095238095239
46,72,26,0.3611111111111111,36.11111111111111
6,2,-4,-2.0,-200.0
20,28,8,0.2857142857142857,28.57142857142857
6,2,-4,-2.0,-200.0
86,22,-64,-2.909090909090909,-290.90909090909093
39,6,-33,-5.5,-550.0
123,193,70,0.3626943005181347,36.26943005181347
30,26,-4,-0.15384615384615385,-15.384615384615385
128,255,127,0.4980392156862745,49.80392156862745
115,12,-103,-8.583333333333334,-858.3333333333334
9,5,-4,-0.8,-80.0
75,41,-34,-0.8292682926829268,-82.92682926829268
42,11,-31,-2.8181818181818183,-281.8181818181818
95,77,-18,-0.23376623376623376,-23.376623376623375
13,10,-3,-0.3,-30.0
142,74,-68,-0.918918918918919,-91.8918918918919
6,16,10,0.625,62.5
134,42,-92,-2.1904761904761907,-219.04761904761907
12,70,58,0.8285714285714286,82.85714285714286
31,2,-29,-14.5,-1450.0
112,16,-96,-6.0,-600.0
25,10,-15,-1.5,-150.0
14,60,46,0.7666666666666667,76.66666666666667
9,56,47,0.8392857142857143,83.92857142857143
53,22,-31,-1.4090909090909092,-140.9090909090909
8,56,48,0.8571428571428571,85.71428571428571
6,2,-4,-2.0,-200.0
89,66,-23,-0.3484848484848485,-34.84848484848485
62,25,-37,-1.48,-148.0
19,14,-5,-0.35714285714285715,-35.714285714285715
17,3,-14,-4.666666666666667,-466.6666666666667
15,1,-14,-14.0,-1400.0
43,13,-30,-2.3076923076923075,-230.76923076923075
14,9,-5,-0.5555555555555556,-55.55555555555556
76,47,-29,-0.6170212765957447,-61.702127659574465
6,6,0,0.0,0.0
47,192,145,0.7552083333333334,75.52083333333334
7,2,-5,-2.5,-250.0
60,55,-5,-0.09090909090909091,-9.090909090909092
40,38,-2,-0.05263157894736842,-5.263157894736842
134,336,202,0.6011904761904762,60.11904761904761
16,8,-8,-1.0,-100.0
114,110,-4,-0.03636363636363636,-3.6363636363636362
42,21,-21,-1.0,-100.0
88,118,30,0.2542372881355932,25.423728813559322
21,7,-14,-2.0,-200.0
99,55,-44,-0.8,-80.0
8,4,-4,-1.0,-100.0
6,12,6,0.5,50.0
6,21,15,0.7142857142857143,71.42857142857143
19,5,-14,-2.8,-280.0
6,552,546,0.9891304347826086,98.91304347826086
6,1798,1792,0.996662958843159,99.6662958843159
80,15,-65,-4.333333333333333,-433.3333333333333
7,2,-5,-2.5,-250.0
30,27,-3,-0.1111111111111111,-11.11111111111111
130,61,-69,-1.1311475409836065,-113.11475409836065
6,9,3,0.3333333333333333,33.33333333333333
131,34,-97,-2.8529411764705883,-285.29411764705884
6,2,-4,-2.0,-200.0
25,12,-13,-1.0833333333333333,-108.33333333333333
120,181,61,0.3370165745856354,33.70165745856354
89,231,142,0.6147186147186147,61.471861471861466
41,21,-20,-0.9523809523809523,-95.23809523809523
255,107,-148,-1.3831775700934579,-138.3177570093458
255,152,-103,-0.6776315789473685,-67.76315789473685
6,18,12,0.6666666666666666,66.66666666666666
6,99,93,0.9393939393939394,93.93939393939394
42,2,-40,-20.0,-2000.0
115,28,-87,-3.107142857142857,-310.7142857142857
59,38,-21,-0.5526315789473685,-55.26315789473685
434,333,-101,-0.3033033033033033,-30.33033033033033
434,275,-159,-0.5781818181818181,-57.81818181818181
435,144,-291,-2.0208333333333335,-202.08333333333334
157,217,60,0.2764976958525346,27.64976958525346
42,32,-10,-0.3125,-31.25
304,239,-65,-0.2719665271966527,-27.19665271966527
304,265,-39,-0.1471698113207547,-14.716981132075471
305,156,-149,-0.9551282051282052,-95.51282051282051
306,177,-129,-0.7288135593220338,-72.88135593220339
81,72,-9,-0.125,-12.5
30,6,-24,-4.0,-400.0
163,43,-120,-2.7906976744186047,-279.06976744186045
164,40,-124,-3.1,-310.0
164,17,-147,-8.647058823529411,-864.7058823529411
165,40,-125,-3.125,-312.5
46,45,-1,-0.022222222222222223,-2.2222222222222223
8,3,-5,-1.6666666666666667,-166.66666666666669
47,18,-29,-1.6111111111111112,-161.11111111111111
47,27,-20,-0.7407407407407407,-74.07407407407408
47,31,-16,-0.5161290322580645,-51.61290322580645
47,30,-17,-0.5666666666666667,-56.666666666666664
42,36,-6,-0.16666666666666666,-16.666666666666664
27,15,-12,-0.8,-80.0
116,75,-41,-0.5466666666666666,-54.666666666666664
117,81,-36,-0.4444444444444444,-44.44444444444444
117,100,-17,-0.17,-17.0
118,143,25,0.17482517482517482,17.482517482517483
118,76,-42,-0.5526315789473685,-55.26315789473685
24,7,-17,-2.4285714285714284,-242.85714285714283
167,86,-81,-0.9418604651162791,-94.18604651162791
168,65,-103,-1.5846153846153845,-158.46153846153845
6,2,-4,-2.0,-200.0
6,54,48,0.8888888888888888,88.88888888888889
168,315,147,0.4666666666666667,46.666666666666664
6,12,6,0.5,50.0
6,21,15,0.7142857142857143,71.42857142857143
192,98,-94,-0.9591836734693877,-95.91836734693877
6,20,14,0.7,70.0
6,1360,1354,0.9955882352941177,99.55882352941177
6,2031,2025,0.9970457902511078,99.70457902511079
6,71,65,0.9154929577464789,91.54929577464789
6,610,604,0.9901639344262295,99.01639344262296
91,3126,3035,0.9708893154190659,97.08893154190659
91,1536,1445,0.9407552083333334,94.07552083333334
6,86,80,0.9302325581395349,93.02325581395348
46,45,-1,-0.022222222222222223,-2.2222222222222223
6,2,-4,-2.0,-200.0
6,4,-2,-0.5,-50.0
6,8,2,0.25,25.0
6,2,-4,-2.0,-200.0
6,8,2,0.25,25.0
6,4,-2,-0.5,-50.0
6,8,2,0.25,25.0
15,6,-9,-1.5,-150.0
6,9,3,0.3333333333333333,33.33333333333333
6,40,34,0.85,85.0
26,4,-22,-5.5,-550.0
94,16,-78,-4.875,-487.5
27,17,-10,-0.5882352941176471,-58.82352941176471
19,2,-17,-8.5,-850.0
181,31,-150,-4.838709677419355,-483.8709677419355
113,25,-88,-3.52,-352.0
15,2,-13,-6.5,-650.0
186,12,-174,-14.5,-1450.0
186,11,-175,-15.909090909090908,-1590.9090909090908
40,7,-33,-4.714285714285714,-471.42857142857144
33,19,-14,-0.7368421052631579,-73.68421052631578
237,84,-153,-1.8214285714285714,-182.14285714285714
237,109,-128,-1.1743119266055047,-117.43119266055047
6,31,25,0.8064516129032258,80.64516129032258
43,52,9,0.17307692307692307,17.307692307692307
210,676,466,0.6893491124260355,68.93491124260355
210,545,335,0.6146788990825688,61.46788990825688
181,558,377,0.6756272401433692,67.56272401433692
94,12,-82,-6.833333333333333,-683.3333333333333
30,2,-28,-14.0,-1400.0
100,25,-75,-3.0,-300.0
7,2,-5,-2.5,-250.0
79,27,-52,-1.9259259259259258,-192.59259259259258
80,18,-62,-3.4444444444444446,-344.44444444444446
80,50,-30,-0.6,-60.0
80,57,-23,-0.40350877192982454,-40.35087719298245
45,12,-33,-2.75,-275.0
70,7,-63,-9.0,-900.0
70,9,-61,-6.777777777777778,-677.7777777777777
70,8,-62,-7.75,-775.0
70,2,-68,-34.0,-3400.0
39,8,-31,-3.875,-387.5
68,6,-62,-10.333333333333334,-1033.3333333333335
69,9,-60,-6.666666666666667,-666.6666666666667
69,8,-61,-7.625,-762.5
12,2,-10,-5.0,-500.0
10,2,-8,-4.0,-400.0
6,2,-4,-2.0,-200.0
6,1360,1354,0.9955882352941177,99.55882352941177
6,2,-4,-2.0,-200.0
6,2,-4,-2.0,-200.0
6,2,-4,-2.0,-200.0
6,4,-2,-0.5,-50.0
11,452,441,0.9756637168141593,97.56637168141593
6,4,-2,-0.5,-50.0
6,59,53,0.8983050847457628,89.83050847457628
6,6,0,0.0,0.0
35,16,-19,-1.1875,-118.75
33,63,30,0.47619047619047616,47.61904761904761
96,159,63,0.39622641509433965,39.62264150943396
52,8,-44,-5.5,-550.0
82,81,-1,-0.012345679012345678,-1.2345679012345678
7,62,55,0.8870967741935484,88.70967741935483
6,259,253,0.9768339768339769,97.68339768339769
10,855,845,0.9883040935672515,98.83040935672514
12,2,-10,-5.0,-500.0
68,122,54,0.4426229508196721,44.26229508196721
6,13,7,0.5384615384615384,53.84615384615385
6,4,-2,-0.5,-50.0
6,11,5,0.45454545454545453,45.45454545454545
6,2,-4,-2.0,-200.0
6,31,25,0.8064516129032258,80.64516129032258
6,23,17,0.7391304347826086,73.91304347826086
6,2,-4,-2.0,-200.0
6,50,44,0.88,88.0
6,50,44,0.88,88.0
6,59,53,0.8983050847457628,89.83050847457628
6,6,0,0.0,0.0
6,6,0,0.0,0.0
6,22,16,0.7272727272727273,72.72727272727273
6,8,2,0.25,25.0
6,24,18,0.75,75.0
6,17,11,0.6470588235294118,64.70588235294117
6,19,13,0.6842105263157895,68.42105263157895
7,30,23,0.7666666666666667,76.66666666666667
46,302,256,0.847682119205298,84.76821192052981
46,280,234,0.8357142857142857,83.57142857142857
18,26,8,0.3076923076923077,30.76923076923077
6,10,4,0.4,40.0
-22,53,75,1.4150943396226414,141.50943396226415
-22,42,64,1.5238095238095237,152.38095238095238
-22,95,117,1.231578947368421,123.15789473684211
-22,48,70,1.4583333333333333,145.83333333333331
-22,37,59,1.5945945945945945,159.45945945945945
7,11,4,0.36363636363636365,36.36363636363637
6,82,76,0.926829268292683,92.6829268292683
6,58,52,0.896551724137931,89.65517241379311
6,33,27,0.8181818181818182,81.81818181818183
5,64,59,0.921875,92.1875
5,41,36,0.8780487804878049,87.8048780487805
70,73,3,0.0410958904109589,4.10958904109589
70,61,-9,-0.14754098360655737,-14.754098360655737
71,12,-59,-4.916666666666667,-491.6666666666667
71,32,-39,-1.21875,-121.875
71,31,-40,-1.2903225806451613,-129.03225806451613
10,53,43,0.8113207547169812,81.13207547169812
59,73,14,0.1917808219178082,19.17808219178082
59,78,19,0.24358974358974358,24.358974358974358
8,7,-1,-0.14285714285714285,-14.285714285714285
9,39,30,0.7692307692307693,76.92307692307693
6,9,3,0.3333333333333333,33.33333333333333
23,15,-8,-0.5333333333333333,-53.333333333333336
21,15,-6,-0.4,-40.0
15,4,-11,-2.75,-275.0
37,11,-26,-2.3636363636363638,-236.36363636363637
6,3,-3,-1.0,-100.0
6,26,20,0.7692307692307693,76.92307692307693
6,19,13,0.6842105263157895,68.42105263157895
6,32,26,0.8125,81.25
6,15,9,0.6,60.0
6,49,43,0.8775510204081632,87.75510204081633
18,20,2,0.1,10.0
31,15,-16,-1.0666666666666667,-106.66666666666667
20,9,-11,-1.2222222222222223,-122.22222222222223
29,16,-13,-0.8125,-81.25
6,36,30,0.8333333333333334,83.33333333333334
6,30,24,0.8,80.0
6,33,27,0.8181818181818182,81.81818181818183
6,32,26,0.8125,81.25
6,7,1,0.14285714285714285,14.285714285714285
6,28,22,0.7857142857142857,78.57142857142857
6,27,21,0.7777777777777778,77.77777777777779
6,33,27,0.8181818181818182,81.81818181818183
6,28,22,0.7857142857142857,78.57142857142857
6,59,53,0.8983050847457628,89.83050847457628
20,10,-10,-1.0,-100.0
34,15,-19,-1.2666666666666666,-126.66666666666666
24,6,-18,-3.0,-300.0
76,41,-35,-0.8536585365853658,-85.36585365853658
20,6,-14,-2.3333333333333335,-233.33333333333334
85,28,-57,-2.0357142857142856,-203.57142857142856
27,9,-18,-2.0,-200.0
120,53,-67,-1.2641509433962264,-126.41509433962264
20,18,-2,-0.1111111111111111,-11.11111111111111
88,104,16,0.15384615384615385,15.384615384615385
125,45,-80,-1.7777777777777777,-177.77777777777777
6,38,32,0.8421052631578947,84.21052631578947
6,12,6,0.5,50.0
99,71,-28,-0.39436619718309857,-39.436619718309856
16,4,-12,-3.0,-300.0
14,12,-2,-0.16666666666666666,-16.666666666666664
6,1,-5,-5.0,-500.0
6,9,3,0.3333333333333333,33.33333333333333
6,12,6,0.5,50.0
6,6,0,0.0,0.0
6,4,-2,-0.5,-50.0
214,44,-170,-3.8636363636363638,-386.3636363636364
168,25,-143,-5.72,-572.0
6,52,46,0.8846153846153846,88.46153846153845
93,178,85,0.47752808988764045,47.752808988764045
93,120,27,0.225,22.5
6,63,57,0.9047619047619048,90.47619047619048
27,34,7,0.20588235294117646,20.588235294117645
188,109,-79,-0.7247706422018348,-72.47706422018348
188,81,-107,-1.3209876543209877,-132.0987654320988
79,40,-39,-0.975,-97.5
91,2,-89,-44.5,-4450.0
91,6,-85,-14.166666666666666,-1416.6666666666665
91,6,-85,-14.166666666666666,-1416.6666666666665
75,1,-74,-74.0,-7400.0
6,1,-5,-5.0,-500.0
70,4,-66,-16.5,-1650.0
9,5,-4,-0.8,-80.0
6,1,-5,-5.0,-500.0
16,6,-10,-1.6666666666666667,-166.66666666666669
15,5,-10,-2.0,-200.0
6,9,3,0.3333333333333333,33.33333333333333
6,20,14,0.7,70.0
6,60,54,0.9,90.0
6,108,102,0.9444444444444444,94.44444444444444
36,16,-20,-1.25,-125.0
20,26,6,0.23076923076923078,23.076923076923077
85,122,37,0.30327868852459017,30.327868852459016
43,29,-14,-0.4827586206896552,-48.275862068965516
91,108,17,0.1574074074074074,15.74074074074074
6,3288,3282,0.9981751824817519,99.81751824817519
181,3704,3523,0.951133909287257,95.1133909287257
6,203,197,0.9704433497536946,97.04433497536947
6,1,-5,-5.0,-500.0
15,1,-14,-14.0,-1400.0
23,2,-21,-10.5,-1050.0
34,22,-12,-0.5454545454545454,-54.54545454545454
163,130,-33,-0.25384615384615383,-25.384615384615383
87,38,-49,-1.2894736842105263,-128.94736842105263
11,14,3,0.21428571428571427,21.428571428571427
148,274,126,0.45985401459854014,45.98540145985402
85,102,17,0.16666666666666666,16.666666666666664
27,71,44,0.6197183098591549,61.97183098591549
133,289,156,0.5397923875432526,53.979238754325266
92,85,-7,-0.08235294117647059,-8.235294117647058
43,22,-21,-0.9545454545454546,-95.45454545454545
134,99,-35,-0.35353535353535354,-35.35353535353536
88,64,-24,-0.375,-37.5
6,32,26,0.8125,81.25
204,1558,1354,0.8690629011553274,86.90629011553274
93,171,78,0.45614035087719296,45.614035087719294
26,89,63,0.7078651685393258,70.78651685393258
232,323,91,0.28173374613003094,28.173374613003094
180,173,-7,-0.04046242774566474,-4.046242774566474
6,19,13,0.6842105263157895,68.42105263157895
207,241,34,0.14107883817427386,14.107883817427386
207,210,3,0.014285714285714285,1.4285714285714286
6,39,33,0.8461538461538461,84.61538461538461
27,3,-24,-8.0,-800.0
78,70,-8,-0.11428571428571428,-11.428571428571429
78,87,9,0.10344827586206896,10.344827586206897
42,37,-5,-0.13513513513513514,-13.513513513513514
41,58,17,0.29310344827586204,29.310344827586203
178,314,136,0.43312101910828027,43.31210191082803
179,173,-6,-0.03468208092485549,-3.4682080924855487
58,110,52,0.4727272727272727,47.27272727272727
19,52,33,0.6346153846153846,63.46153846153846
158,396,238,0.601010101010101,60.1010101010101
158,326,168,0.5153374233128835,51.533742331288344
59,400,341,0.8525,85.25
11,4,-7,-1.75,-175.0
62,162,100,0.6172839506172839,61.72839506172839
62,205,143,0.697560975609756,69.7560975609756
42,71,29,0.4084507042253521,40.845070422535215
6,9,3,0.3333333333333333,33.33333333333333
96,56,-40,-0.7142857142857143,-71.42857142857143
96,26,-70,-2.6923076923076925,-269.2307692307692
61,84,23,0.27380952380952384,27.380952380952383
11,7,-4,-0.5714285714285714,-57.14285714285714
71,213,142,0.6666666666666666,66.66666666666666
71,418,347,0.8301435406698564,83.01435406698565
73,89,16,0.1797752808988764,17.97752808988764
49,234,185,0.7905982905982906,79.05982905982906
16,40,24,0.6,60.0
66,109,43,0.3944954128440367,39.44954128440367
6,54,48,0.8888888888888888,88.88888888888889
164,315,151,0.4793650793650794,47.93650793650794
6,12,6,0.5,50.0
6,14,8,0.5714285714285714,57.14285714285714
168,57,-111,-1.9473684210526316,-194.73684210526315
6,7,1,0.14285714285714285,14.285714285714285
6,46,40,0.8695652173913043,86.95652173913044
153,475,322,0.6778947368421052,67.78947368421052
6,384,378,0.984375,98.4375
6,95,89,0.9368421052631579,93.6842105263158
104,1765,1661,0.9410764872521247,94.10764872521247
39,603,564,0.9353233830845771,93.53233830845771
10,2,-8,-4.0,-400.0
64,8,-56,-7.0,-700.0
64,15,-49,-3.2666666666666666,-326.6666666666667
8,4,-4,-1.0,-100.0
6,1360,1354,0.9955882352941177,99.55882352941177
6,2031,2025,0.9970457902511078,99.70457902511079
6,71,65,0.9154929577464789,91.54929577464789
6,610,604,0.9901639344262295,99.01639344262296
88,3126,3038,0.9718490083173384,97.18490083173384
88,1536,1448,0.9427083333333334,94.27083333333334
6,86,80,0.9302325581395349,93.02325581395348
6,47,41,0.8723404255319149,87.2340425531915
171,412,241,0.5849514563106796,58.495145631067956
171,168,-3,-0.017857142857142856,-1.7857142857142856
6,26,20,0.7692307692307693,76.92307692307693
15,4,-11,-2.75,-275.0
102,114,12,0.10526315789473684,10.526315789473683
102,85,-17,-0.2,-20.0
76,16,-60,-3.75,-375.0
7,14,7,0.5,50.0
77,59,-18,-0.3050847457627119,-30.508474576271187
77,43,-34,-0.7906976744186046,-79.06976744186046
52,98,46,0.46938775510204084,46.93877551020408
9,5,-4,-0.8,-80.0
68,84,16,0.19047619047619047,19.047619047619047
68,43,-25,-0.5813953488372093,-58.139534883720934
49,16,-33,-2.0625,-206.25
6,46,40,0.8695652173913043,86.95652173913044
168,570,402,0.7052631578947368,70.52631578947368
167,284,117,0.4119718309859155,41.19718309859155
124,101,-23,-0.22772277227722773,-22.772277227722775
6,1,-5,-5.0,-500.0
92,23,-69,-3.0,-300.0
92,5,-87,-17.4,-1739.9999999999998
92,3,-89,-29.666666666666668,-2966.666666666667
6,6,0,0.0,0.0
64,51,-13,-0.2549019607843137,-25.49019607843137
366,582,216,0.3711340206185567,37.11340206185567
366,437,71,0.16247139588100687,16.247139588100687
367,426,59,0.13849765258215962,13.849765258215962
89,160,71,0.44375,44.375
19,15,-4,-0.26666666666666666,-26.666666666666668
9,4,-5,-1.25,-125.0
8,9,1,0.1111111111111111,11.11111111111111
8,15,7,0.4666666666666667,46.666666666666664
29,35,6,0.17142857142857143,17.142857142857142
37,23,-14,-0.6086956521739131,-60.86956521739131
28,12,-16,-1.3333333333333333,-133.33333333333331
45,26,-19,-0.7307692307692307,-73.07692307692307
6,1,-5,-5.0,-500.0
6,14,8,0.5714285714285714,57.14285714285714
10,1,-9,-9.0,-900.0
22,3,-19,-6.333333333333333,-633.3333333333333
6,164,158,0.9634146341463414,96.34146341463415
6,135,129,0.9555555555555556,95.55555555555556
19,1,-18,-18.0,-1800.0
44,3,-41,-13.666666666666666,-1366.6666666666665
14,17,3,0.17647058823529413,17.647058823529413
43,32,-11,-0.34375,-34.375
6,45,39,0.8666666666666667,86.66666666666667
6,113,107,0.9469026548672567,94.69026548672566
15,8,-7,-0.875,-87.5
33,26,-7,-0.2692307692307692,-26.923076923076923
99,153,54,0.35294117647058826,35.294117647058826
6,792,786,0.9924242424242424,99.24242424242425
6,2093,2087,0.9971333014811276,99.71333014811276
6,20,14,0.7,70.0
20,61,41,0.6721311475409836,67.21311475409836
22,60,38,0.6333333333333333,63.33333333333333
42,30,-12,-0.4,-40.0
37,23,-14,-0.6086956521739131,-60.86956521739131
102,252,150,0.5952380952380952,59.523809523809526
6,1,-5,-5.0,-500.0
6,599,593,0.989983305509182,98.9983305509182
6,67,61,0.9104477611940298,91.04477611940298
6,137,131,0.9562043795620438,95.62043795620438
6,72,66,0.9166666666666666,91.66666666666666
142,572,430,0.7517482517482518,75.17482517482517
142,1136,994,0.875,87.5
12,5,-7,-1.4,-140.0
91,65,-26,-0.4,-40.0
6,16,10,0.625,62.5
78,37,-41,-1.1081081081081081,-110.8108108108108
6,28,22,0.7857142857142857,78.57142857142857
134,81,-53,-0.654320987654321,-65.4320987654321
33,63,30,0.47619047619047616,47.61904761904761
98,159,61,0.3836477987421384,38.36477987421384
52,8,-44,-5.5,-550.0
35,22,-13,-0.5909090909090909,-59.09090909090909
81,149,68,0.4563758389261745,45.63758389261745
61,75,14,0.18666666666666668,18.666666666666668
102,40,-62,-1.55,-155.0
52,5,-47,-9.4,-940.0
6,1,-5,-5.0,-500.0
69,46,-23,-0.5,-50.0
6,11,5,0.45454545454545453,45.45454545454545
6,813,807,0.992619926199262,99.2619926199262
131,1888,1757,0.930614406779661,93.0614406779661
6,159,153,0.9622641509433962,96.22641509433963
6,198,192,0.9696969696969697,96.96969696969697
111,368,257,0.6983695652173914,69.83695652173914
67,217,150,0.6912442396313364,69.12442396313364
81,81,0,0.0,0.0
27,18,-9,-0.5,-50.0
7,20,13,0.65,65.0
27,190,163,0.8578947368421053,85.78947368421052
28,31,3,0.0967741935483871,9.67741935483871
16,2,-14,-7.0,-700.0
142,7,-135,-19.285714285714285,-1928.5714285714284
82,18,-64,-3.5555555555555554,-355.55555555555554
26,4,-22,-5.5,-550.0
119,26,-93,-3.576923076923077,-357.69230769230774
90,56,-34,-0.6071428571428571,-60.71428571428571
77,3,-74,-24.666666666666668,-2466.666666666667
74,5,-69,-13.8,-1380.0
6,85,79,0.9294117647058824,92.94117647058823
207,459,252,0.5490196078431373,54.90196078431373
174,390,216,0.5538461538461539,55.38461538461539
128,46,-82,-1.7826086956521738,-178.26086956521738
113,61,-52,-0.8524590163934426,-85.24590163934425
23,226,203,0.8982300884955752,89.82300884955751
110,814,704,0.8648648648648649,86.48648648648648
110,688,578,0.8401162790697675,84.01162790697676
20,50,30,0.6,60.0
9,21,12,0.5714285714285714,57.14285714285714
100,86,-14,-0.16279069767441862,-16.27906976744186
98,47,-51,-1.0851063829787233,-108.51063829787233
6,1,-5,-5.0,-500.0
9,49,40,0.8163265306122449,81.63265306122449
28,98,70,0.7142857142857143,71.42857142857143
21,5,-16,-3.2,-320.0
47,7,-40,-5.714285714285714,-571.4285714285714
92,11,-81,-7.363636363636363,-736.3636363636364
17,6,-11,-1.8333333333333333,-183.33333333333331
99,35,-64,-1.8285714285714285,-182.85714285714286
13,102,89,0.8725490196078431,87.25490196078431
92,72,-20,-0.2777777777777778,-27.77777777777778
29,5,-24,-4.8,-480.0
112,100,-12,-0.12,-12.0
22,9,-13,-1.4444444444444444,-144.44444444444443
91,43,-48,-1.1162790697674418,-111.62790697674419
39,15,-24,-1.6,-160.0
92,17,-75,-4.411764705882353,-441.1764705882353
28,6,-22,-3.6666666666666665,-366.66666666666663
82,320,238,0.74375,74.375
6,1,-5,-5.0,-500.0
106,48,-58,-1.2083333333333333,-120.83333333333333
6,19,13,0.6842105263157895,68.42105263157895
189,435,246,0.5655172413793104,56.55172413793104
6,18,12,0.6666666666666666,66.66666666666666
18,22,4,0.18181818181818182,18.181818181818183
172,133,-39,-0.2932330827067669,-29.32330827067669
68,44,-24,-0.5454545454545454,-54.54545454545454
16,10,-6,-0.6,-60.0
56,85,29,0.3411764705882353,34.11764705882353
55,99,44,0.4444444444444444,44.44444444444444
11,162,151,0.9320987654320988,93.20987654320987
94,537,443,0.8249534450651769,82.49534450651768
86,163,77,0.4723926380368098,47.239263803680984
15,17,2,0.11764705882352941,11.76470588235294
137,146,9,0.06164383561643835,6.164383561643835
137,80,-57,-0.7125,-71.25
13,2,-11,-5.5,-550.0
17,3,-14,-4.666666666666667,-466.6666666666667
10,8,-2,-0.25,-25.0
50,62,12,0.1935483870967742,19.35483870967742
50,90,40,0.4444444444444444,44.44444444444444
50,83,33,0.39759036144578314,39.75903614457831
57,22,-35,-1.5909090909090908,-159.0909090909091
58,18,-40,-2.2222222222222223,-222.22222222222223
58,114,56,0.49122807017543857,49.122807017543856
58,50,-8,-0.16,-16.0
29,5,-24,-4.8,-480.0
29,5,-24,-4.8,-480.0
29,4,-25,-6.25,-625.0
29,4,-25,-6.25,-625.0
29,15,-14,-0.9333333333333333,-93.33333333333333
19,6,-13,-2.1666666666666665,-216.66666666666666
19,6,-13,-2.1666666666666665,-216.66666666666666
19,5,-14,-2.8,-280.0
19,7,-12,-1.7142857142857142,-171.42857142857142
6,14,8,0.5714285714285714,57.14285714285714
6,1,-5,-5.0,-500.0
6,9,3,0.3333333333333333,33.33333333333333
6,1,-5,-5.0,-500.0
6,18,12,0.6666666666666666,66.66666666666666
6,4,-2,-0.5,-50.0
80,16,-64,-4.0,-400.0
10,11,1,0.09090909090909091,9.090909090909092
78,122,44,0.36065573770491804,36.0655737704918
18,8,-10,-1.25,-125.0
186,37,-149,-4.027027027027027,-402.7027027027027
16,4,-12,-3.0,-300.0
6,10,4,0.4,40.0
60,69,9,0.13043478260869565,13.043478260869565
6,6,0,0.0,0.0
6,9,3,0.3333333333333333,33.33333333333333
182,28,-154,-5.5,-550.0
6,5,-1,-0.2,-20.0
6,4,-2,-0.5,-50.0
173,24,-149,-6.208333333333333,-620.8333333333333
6,4,-2,-0.5,-50.0
20,2,-18,-9.0,-900.0
95,16,-79,-4.9375,-493.75
49,15,-34,-2.2666666666666666,-226.66666666666666
21,5,-16,-3.2,-320.0
102,25,-77,-3.08,-308.0
57,15,-42,-2.8,-280.0
6,65,59,0.9076923076923077,90.76923076923077
181,331,150,0.45317220543806647,45.31722054380665
32,73,41,0.5616438356164384,56.16438356164384
6,37,31,0.8378378378378378,83.78378378378379
193,314,121,0.3853503184713376,38.53503184713376
147,152,5,0.03289473684210526,3.289473684210526
6,19,13,0.6842105263157895,68.42105263157895
109,79,-30,-0.379746835443038,-37.9746835443038
85,43,-42,-0.9767441860465116,-97.67441860465115
29,28,-1,-0.03571428571428571,-3.571428571428571
257,249,-8,-0.0321285140562249,-3.2128514056224895
257,215,-42,-0.19534883720930232,-19.53488372093023
40,6,-34,-5.666666666666667,-566.6666666666667
75,13,-62,-4.769230769230769,-476.9230769230769
75,9,-66,-7.333333333333333,-733.3333333333333
56,9,-47,-5.222222222222222,-522.2222222222223
96,4,-92,-23.0,-2300.0
71,77,6,0.07792207792207792,7.792207792207792
15,3,-12,-4.0,-400.0
107,87,-20,-0.22988505747126436,-22.988505747126435
108,90,-18,-0.2,-20.0
108,98,-10,-0.10204081632653061,-10.204081632653061
11,6,-5,-0.8333333333333334,-83.33333333333334
80,2,-78,-39.0,-3900.0
6,8,2,0.25,25.0
6,1,-5,-5.0,-500.0
44,18,-26,-1.4444444444444444,-144.44444444444443
44,26,-18,-0.6923076923076923,-69.23076923076923
44,34,-10,-0.29411764705882354,-29.411764705882355
6,14,8,0.5714285714285714,57.14285714285714
6,6,0,0.0,0.0
61,17,-44,-2.588235294117647,-258.8235294117647
61,25,-36,-1.44,-144.0
6,4,-2,-0.5,-50.0
21,10,-11,-1.1,-110.00000000000001
88,42,-46,-1.0952380952380953,-109.52380952380953
88,31,-57,-1.8387096774193548,-183.8709677419355
88,31,-57,-1.8387096774193548,-183.8709677419355
15,1,-14,-14.0,-1400.0
6,22,16,0.7272727272727273,72.72727272727273
6,99,93,0.9393939393939394,93.93939393939394
7,1,-6,-6.0,-600.0
30,9,-21,-2.3333333333333335,-233.33333333333334
7,2,-5,-2.5,-250.0
74,3,-71,-23.666666666666668,-2366.666666666667
6,18,12,0.6666666666666666,66.66666666666666
6,70,64,0.9142857142857143,91.42857142857143
35,3,-32,-10.666666666666666,-1066.6666666666665
94,19,-75,-3.9473684210526314,-394.7368421052631
6,7,1,0.14285714285714285,14.285714285714285
66,74,8,0.10810810810810811,10.81081081081081
13,14,1,0.07142857142857142,7.142857142857142
95,100,5,0.05,5.0
36,10,-26,-2.6,-260.0
6,5,-1,-0.2,-20.0
6,4,-2,-0.5,-50.0
6,15,9,0.6,60.0
6,7,1,0.14285714285714285,14.285714285714285
6,2,-4,-2.0,-200.0
6,11,5,0.45454545454545453,45.45454545454545
106,12,-94,-7.833333333333333,-783.3333333333333
28,1,-27,-27.0,-2700.0
94,13,-81,-6.230769230769231,-623.0769230769231
31,7,-24,-3.4285714285714284,-342.85714285714283
119,24,-95,-3.9583333333333335,-395.83333333333337
12,4,-8,-2.0,-200.0
113,30,-83,-2.7666666666666666,-276.6666666666667
20,18,-2,-0.1111111111111111,-11.11111111111111
178,479,301,0.6283924843423799,62.839248434237994
8,2,-6,-3.0,-300.0
60,26,-34,-1.3076923076923077,-130.76923076923077
53,39,-14,-0.358974358974359,-35.8974358974359
21,86,65,0.7558139534883721,75.5813953488372
102,427,325,0.7611241217798594,76.11241217798595
96,244,148,0.6065573770491803,60.65573770491803
33,57,24,0.42105263157894735,42.10526315789473
261,369,108,0.2926829268292683,29.268292682926827
261,623,362,0.5810593900481541,58.10593900481541
261,363,102,0.2809917355371901,28.09917355371901
39,200,161,0.805,80.5
6,32,26,0.8125,81.25
72,122,50,0.4098360655737705,40.98360655737705
72,85,13,0.15294117647058825,15.294117647058824
6,47,41,0.8723404255319149,87.2340425531915
96,181,85,0.4696132596685083,46.96132596685083
96,263,167,0.6349809885931559,63.49809885931559
96,206,110,0.5339805825242718,53.398058252427184
96,134,38,0.2835820895522388,28.35820895522388
45,53,8,0.1509433962264151,15.09433962264151
6,4,-2,-0.5,-50.0
13,2,-11,-5.5,-550.0
51,9,-42,-4.666666666666667,-466.6666666666667
23,17,-6,-0.35294117647058826,-35.294117647058826
92,77,-15,-0.19480519480519481,-19.480519480519483
32,5,-27,-5.4,-540.0
109,83,-26,-0.3132530120481928,-31.32530120481928
15,1,-14,-14.0,-1400.0
104,22,-82,-3.727272727272727,-372.7272727272727
10,1,-9,-9.0,-900.0
19,27,8,0.2962962962962963,29.629629629629626
176,93,-83,-0.8924731182795699,-89.24731182795699
38,32,-6,-0.1875,-18.75
6,124,118,0.9516129032258065,95.16129032258065
79,409,330,0.8068459657701712,80.68459657701712
38,116,78,0.6724137931034483,67.24137931034483
7,11,4,0.36363636363636365,36.36363636363637
102,28,-74,-2.642857142857143,-264.2857142857143
96,44,-52,-1.1818181818181819,-118.18181818181819
6,56,50,0.8928571428571429,89.28571428571429
77,380,303,0.7973684210526316,79.73684210526316
77,187,110,0.5882352941176471,58.82352941176471
27,98,71,0.7244897959183674,72.44897959183673
6,13,7,0.5384615384615384,53.84615384615385
90,164,74,0.45121951219512196,45.1219512195122
90,212,122,0.5754716981132075,57.54716981132076
90,289,199,0.6885813148788927,68.85813148788927
6,47,41,0.8723404255319149,87.2340425531915
6,105,99,0.9428571428571428,94.28571428571428
95,608,513,0.84375,84.375
95,520,425,0.8173076923076923,81.73076923076923
95,995,900,0.9045226130653267,90.45226130653266
95,319,224,0.7021943573667712,70.21943573667711
51,68,17,0.25,25.0
148,183,35,0.1912568306010929,19.12568306010929
148,113,-35,-0.30973451327433627,-30.973451327433626
148,497,349,0.7022132796780685,70.22132796780684
148,115,-33,-0.28695652173913044,-28.695652173913043
149,61,-88,-1.4426229508196722,-144.2622950819672
6,4,-2,-0.5,-50.0
61,5,-56,-11.2,-1120.0
61,10,-51,-5.1,-509.99999999999994
61,143,82,0.5734265734265734,57.34265734265735
61,265,204,0.769811320754717,76.9811320754717
61,213,152,0.7136150234741784,71.36150234741784
6,10,4,0.4,40.0
71,104,33,0.3173076923076923,31.73076923076923
71,229,158,0.6899563318777293,68.99563318777294
71,200,129,0.645,64.5
71,297,226,0.7609427609427609,76.0942760942761
71,278,207,0.7446043165467626,74.46043165467626
6,30,24,0.8,80.0
95,237,142,0.5991561181434599,59.91561181434599
95,863,768,0.8899188876013905,88.99188876013905
95,1003,908,0.905284147557328,90.5284147557328
95,726,631,0.8691460055096418,86.91460055096418
95,567,472,0.8324514991181657,83.24514991181657
22,9,-13,-1.4444444444444444,-144.44444444444443
106,89,-17,-0.19101123595505617,-19.101123595505616
106,107,1,0.009345794392523364,0.9345794392523363
106,133,27,0.20300751879699247,20.30075187969925
106,210,104,0.49523809523809526,49.523809523809526
107,80,-27,-0.3375,-33.75
22,12,-10,-0.8333333333333334,-83.33333333333334
106,310,204,0.6580645161290323,65.80645161290323
106,266,160,0.6015037593984962,60.150375939849624
109,46,-63,-1.3695652173913044,-136.95652173913044
109,33,-76,-2.303030303030303,-230.3030303030303
6,4,-2,-0.5,-50.0
6,16,10,0.625,62.5
6,10,4,0.4,40.0
92,34,-58,-1.7058823529411764,-170.58823529411765
6,8,2,0.25,25.0
6,16,10,0.625,62.5
182,128,-54,-0.421875,-42.1875
6,11,5,0.45454545454545453,45.45454545454545
6,76,70,0.9210526315789473,92.10526315789474
81,255,174,0.6823529411764706,68.23529411764706
6,13,7,0.5384615384615384,53.84615384615385
6,19,13,0.6842105263157895,68.42105263157895
105,179,74,0.4134078212290503,41.340782122905026
6,12,6,0.5,50.0
6,95,89,0.9368421052631579,93.6842105263158
104,1765,1661,0.9410764872521247,94.10764872521247
39,603,564,0.9353233830845771,93.53233830845771
6,1360,1354,0.9955882352941177,99.55882352941177
6,2031,2025,0.9970457902511078,99.70457902511079
6,71,65,0.9154929577464789,91.54929577464789
6,610,604,0.9901639344262295,99.01639344262296
88,3126,3038,0.9718490083173384,97.18490083173384
87,1536,1449,0.943359375,94.3359375
6,86,80,0.9302325581395349,93.02325581395348
42,1,-41,-41.0,-4100.0
306,106,-200,-1.8867924528301887,-188.67924528301887
306,155,-151,-0.9741935483870968,-97.41935483870968
32,38,6,0.15789473684210525,15.789473684210526
41,4,-37,-9.25,-925.0
294,49,-245,-5.0,-500.0
294,99,-195,-1.9696969696969697,-196.96969696969697
294,112,-182,-1.625,-162.5
23,4,-19,-4.75,-475.0
30,22,-8,-0.36363636363636365,-36.36363636363637
254,266,12,0.045112781954887216,4.511278195488721
255,291,36,0.12371134020618557,12.371134020618557
255,380,125,0.32894736842105265,32.89473684210527
17,4,-13,-3.25,-325.0
6,65,59,0.9076923076923077,90.76923076923077
107,567,460,0.8112874779541446,81.12874779541445
107,363,256,0.7052341597796143,70.52341597796143
108,658,550,0.8358662613981763,83.58662613981764
87,343,256,0.7463556851311953,74.63556851311954
19,16,-3,-0.1875,-18.75
163,68,-95,-1.3970588235294117,-139.70588235294116
163,56,-107,-1.9107142857142858,-191.07142857142858
164,65,-99,-1.523076923076923,-152.3076923076923
164,75,-89,-1.1866666666666668,-118.66666666666667
77,50,-27,-0.54,-54.0
6,42,36,0.8571428571428571,85.71428571428571
155,429,274,0.6386946386946387,63.86946386946387
155,335,180,0.5373134328358209,53.73134328358209
155,333,178,0.5345345345345346,53.453453453453456
155,151,-4,-0.026490066225165563,-2.6490066225165565
82,108,26,0.24074074074074073,24.074074074074073
26,89,63,0.7078651685393258,70.78651685393258
222,615,393,0.6390243902439025,63.90243902439025
222,691,469,0.678726483357453,67.8726483357453
223,407,184,0.4520884520884521,45.20884520884521
223,292,69,0.2363013698630137,23.63013698630137
19,12,-7,-0.5833333333333334,-58.333333333333336
143,26,-117,-4.5,-450.0
143,56,-87,-1.5535714285714286,-155.35714285714286
144,80,-64,-0.8,-80.0
144,51,-93,-1.8235294117647058,-182.35294117647058
144,47,-97,-2.0638297872340425,-206.38297872340425
6,80,74,0.925,92.5
235,726,491,0.6763085399449036,67.63085399449037
235,967,732,0.7569803516028956,75.69803516028955
235,1049,814,0.7759771210676835,77.59771210676834
235,1068,833,0.7799625468164794,77.99625468164794
235,536,301,0.5615671641791045,56.156716417910445
30,5,-25,-5.0,-500.0
120,126,6,0.047619047619047616,4.761904761904762
121,133,12,0.09022556390977443,9.022556390977442
121,195,74,0.37948717948717947,37.94871794871795
122,124,2,0.016129032258064516,1.6129032258064515
122,118,-4,-0.03389830508474576,-3.389830508474576
8,28,20,0.7142857142857143,71.42857142857143
70,85,15,0.17647058823529413,17.647058823529413
70,114,44,0.38596491228070173,38.59649122807017
70,115,45,0.391304347826087,39.130434782608695
70,60,-10,-0.16666666666666666,-16.666666666666664
71,107,36,0.3364485981308411,33.64485981308411
6,15,9,0.6,60.0
92,184,92,0.5,50.0
92,140,48,0.34285714285714286,34.285714285714285
92,208,116,0.5576923076923077,55.769230769230774
9,1,-8,-8.0,-800.0
6,3,-3,-1.0,-100.0
16,6,-10,-1.6666666666666667,-166.66666666666669
32,75,43,0.5733333333333334,57.333333333333336
61,255,194,0.7607843137254902,76.07843137254902
6,1,-5,-5.0,-500.0
24,5,-19,-3.8,-380.0
6,21,15,0.7142857142857143,71.42857142857143
84,79,-5,-0.06329113924050633,-6.329113924050633
23,20,-3,-0.15,-15.0
219,86,-133,-1.5465116279069768,-154.6511627906977
82,86,4,0.046511627906976744,4.651162790697675
6,34,28,0.8235294117647058,82.35294117647058
105,417,312,0.7482014388489209,74.82014388489209
71,236,165,0.6991525423728814,69.91525423728814
34,151,117,0.7748344370860927,77.48344370860927
264,1212,948,0.7821782178217822,78.21782178217822
148,462,314,0.6796536796536796,67.96536796536796
6,4,-2,-0.5,-50.0
74,84,10,0.11904761904761904,11.904761904761903
74,45,-29,-0.6444444444444445,-64.44444444444444
74,2,-72,-36.0,-3600.0
6,30,24,0.8,80.0
111,419,308,0.7350835322195705,73.50835322195705
110,289,179,0.6193771626297578,61.93771626297578
112,2,-110,-55.0,-5500.0
6,28,22,0.7857142857142857,78.57142857142857
164,192,28,0.14583333333333334,14.583333333333334
161,276,115,0.4166666666666667,41.66666666666667
164,3,-161,-53.666666666666664,-5366.666666666666
23,72,49,0.6805555555555556,68.05555555555556
210,550,340,0.6181818181818182,61.81818181818181
211,526,315,0.5988593155893536,59.885931558935354
157,166,9,0.05421686746987952,5.421686746987952
24,38,14,0.3684210526315789,36.84210526315789
218,209,-9,-0.0430622009569378,-4.30622009569378
218,184,-34,-0.18478260869565216,-18.478260869565215
6,8,2,0.25,25.0
187,109,-78,-0.7155963302752294,-71.55963302752293
6,2,-4,-2.0,-200.0
27,6,-21,-3.5,-350.0
15,8,-7,-0.875,-87.5
14,2,-12,-6.0,-600.0
15,14,-1,-0.07142857142857142,-7.142857142857142
6,10,4,0.4,40.0
27,14,-13,-0.9285714285714286,-92.85714285714286
6,11,5,0.45454545454545453,45.45454545454545
9,30,21,0.7,70.0
6,20,14,0.7,70.0
64,138,74,0.5362318840579711,53.62318840579711
6,5,-1,-0.2,-20.0
173,280,107,0.3821428571428571,38.21428571428571
30,68,38,0.5588235294117647,55.88235294117647
137,33,-104,-3.1515151515151514,-315.1515151515151
88,29,-59,-2.0344827586206895,-203.44827586206895
101,47,-54,-1.148936170212766,-114.89361702127661
77,11,-66,-6.0,-600.0
6,105,99,0.9428571428571428,94.28571428571428
123,967,844,0.8728024819027922,87.28024819027922
81,1437,1356,0.9436325678496869,94.36325678496868
37,6,-31,-5.166666666666667,-516.6666666666667
243,34,-209,-6.147058823529412,-614.7058823529412
242,99,-143,-1.4444444444444444,-144.44444444444443
244,2,-242,-121.0,-12100.0
16,4,-12,-3.0,-300.0
59,15,-44,-2.933333333333333,-293.3333333333333
59,43,-16,-0.37209302325581395,-37.2093023255814
59,32,-27,-0.84375,-84.375
11,2,-9,-4.5,-450.0
154,37,-117,-3.1621621621621623,-316.21621621621625
154,27,-127,-4.703703703703703,-470.3703703703703
154,24,-130,-5.416666666666667,-541.6666666666667
154,77,-77,-1.0,-100.0
31,87,56,0.6436781609195402,64.36781609195403
10,3,-7,-2.3333333333333335,-233.33333333333334
45,25,-20,-0.8,-80.0
45,7,-38,-5.428571428571429,-542.8571428571429
45,17,-28,-1.6470588235294117,-164.70588235294116
29,15,-14,-0.9333333333333333,-93.33333333333333
201,66,-135,-2.0454545454545454,-204.54545454545453
201,72,-129,-1.7916666666666667,-179.16666666666669
202,90,-112,-1.2444444444444445,-124.44444444444444
202,165,-37,-0.22424242424242424,-22.424242424242426
19,1,-18,-18.0,-1800.0
31,1,-30,-30.0,-3000.0
146,19,-127,-6.684210526315789,-668.421052631579
146,23,-123,-5.3478260869565215,-534.7826086956521
146,33,-113,-3.4242424242424243,-342.42424242424244
146,55,-91,-1.6545454545454545,-165.45454545454547
147,181,34,0.1878453038674033,18.784530386740332
43,11,-32,-2.909090909090909,-290.90909090909093
43,15,-28,-1.8666666666666667,-186.66666666666666
43,12,-31,-2.5833333333333335,-258.33333333333337
43,9,-34,-3.7777777777777777,-377.77777777777777
43,17,-26,-1.5294117647058822,-152.94117647058823
6,108,102,0.9444444444444444,94.44444444444444
235,674,439,0.6513353115727003,65.13353115727003
8,1,-7,-7.0,-700.0
18,1,-17,-17.0,-1700.0
6,18,12,0.6666666666666666,66.66666666666666
84,80,-4,-0.05,-5.0
84,93,9,0.0967741935483871,9.67741935483871
6,26,20,0.7692307692307693,76.92307692307693
106,25,-81,-3.24,-324.0
106,14,-92,-6.571428571428571,-657.1428571428571
106,9,-97,-10.777777777777779,-1077.7777777777778
107,28,-79,-2.8214285714285716,-282.14285714285717
107,6,-101,-16.833333333333332,-1683.3333333333333
91,1,-90,-90.0,-9000.0
91,2,-89,-44.5,-4450.0
91,4,-87,-21.75,-2175.0
92,7,-85,-12.142857142857142,-1214.2857142857142
92,6,-86,-14.333333333333334,-1433.3333333333335
18,109,91,0.8348623853211009,83.4862385321101
95,1249,1154,0.9239391513210569,92.39391513210569
95,790,695,0.879746835443038,87.9746835443038
96,677,581,0.8581979320531757,85.81979320531758
96,524,428,0.816793893129771,81.67938931297711
96,185,89,0.4810810810810811,48.10810810810811
20,8,-12,-1.5,-150.0
70,65,-5,-0.07692307692307693,-7.6923076923076925
70,101,31,0.3069306930693069,30.693069306930692
70,98,28,0.2857142857142857,28.57142857142857
70,81,11,0.13580246913580246,13.580246913580247
70,81,11,0.13580246913580246,13.580246913580247
33,5,-28,-5.6,-560.0
149,102,-47,-0.46078431372549017,-46.07843137254902
150,52,-98,-1.8846153846153846,-188.46153846153845
150,110,-40,-0.36363636363636365,-36.36363636363637
151,285,134,0.47017543859649125,47.01754385964912
151,254,103,0.40551181102362205,40.55118110236221
180,28,-152,-5.428571428571429,-542.8571428571429
180,43,-137,-3.186046511627907,-318.6046511627907
180,152,-28,-0.18421052631578946,-18.421052631578945
180,72,-108,-1.5,-150.0
181,17,-164,-9.647058823529411,-964.7058823529411
6,20,14,0.7,70.0
97,171,74,0.4327485380116959,43.27485380116959
97,202,105,0.5198019801980198,51.98019801980198
97,240,143,0.5958333333333333,59.583333333333336
97,189,92,0.48677248677248675,48.67724867724868
97,231,134,0.5800865800865801,58.00865800865801
78,16,-62,-3.875,-387.5
78,8,-70,-8.75,-875.0
78,4,-74,-18.5,-1850.0
6,4,-2,-0.5,-50.0
6,55,49,0.8909090909090909,89.0909090909091
9,2,-7,-3.5,-350.0
6,8,2,0.25,25.0
